證券代號,證券名稱,外陸資買進股數(不含外資自營商),外陸資賣出股數(不含外資自營商),外陸資買賣超股數(不含外資自營商),外資自營商買進股數,外資自營商賣出股數,外資自營商買賣超股數,投信買進股數,投信賣出股數,投信買賣超股數,自營商買賣超股數,自營商買進股數(自行買賣),自營商賣出股數(自行買賣),自營商買賣超股數(自行買賣),自營商買進股數(避險),自營商賣出股數(避險),自營商買賣超股數(避險),三大法人買賣超股數,日期,自營商買進股數,自營商賣出股數
2608,嘉里大榮        ,"105,000","14,000","91,000",0,0,0,0,0,0,0,0,0,0,0,0,0,"91,000",2018-01-02,,
2608,嘉里大榮        ,"100,000","13,000","87,000",0,0,0,0,0,0,0,0,0,0,0,0,0,"87,000",2018-01-03,,
2608,嘉里大榮        ,"152,000","10,000","142,000",0,0,0,0,0,0,0,0,0,0,0,0,0,"142,000",2018-01-04,,
2608,嘉里大榮        ,"74,000","11,000","63,000",0,0,0,0,0,0,0,0,0,0,0,0,0,"63,000",2018-01-05,,
2608,嘉里大榮        ,"106,000","41,000","65,000",0,0,0,0,0,0,0,0,0,0,0,0,0,"65,000",2018-01-08,,
2608,嘉里大榮        ,"97,000","46,000","51,000",0,0,0,0,0,0,0,0,0,0,0,0,0,"51,000",2018-01-09,,
2608,嘉里大榮        ,"75,000","44,000","31,000",0,0,0,0,0,0,0,0,0,0,0,0,0,"31,000",2018-01-10,,
2608,嘉里大榮        ,"47,000","29,000","18,000",0,0,0,0,0,0,0,0,0,0,0,0,0,"18,000",2018-01-11,,
2608,嘉里大榮        ,"85,000","8,000","77,000",0,0,0,0,0,0,0,0,0,0,0,0,0,"77,000",2018-01-12,,
2608,嘉里大榮        ,"82,000","7,000","75,000",0,0,0,0,0,0,0,0,0,0,0,0,0,"75,000",2018-01-15,,
2608,嘉里大榮        ,"111,000","13,000","98,000",0,0,0,0,0,0,0,0,0,0,0,0,0,"98,000",2018-01-16,,
2608,嘉里大榮        ,"169,000","54,000","115,000",0,0,0,0,0,0,0,0,0,0,0,0,0,"115,000",2018-01-17,,
2608,嘉里大榮        ,"123,000","149,000","-26,000",0,0,0,0,0,0,0,0,0,0,0,0,0,"-26,000",2018-01-18,,
2608,嘉里大榮        ,"78,000","19,000","59,000",0,0,0,0,0,0,0,0,0,0,0,0,0,"59,000",2018-01-19,,
2608,嘉里大榮        ,"103,000","15,000","88,000",0,0,0,0,0,0,0,0,0,0,0,0,0,"88,000",2018-01-22,,
2608,嘉里大榮        ,"89,000","52,000","37,000",0,0,0,0,0,0,0,0,0,0,0,0,0,"37,000",2018-01-23,,
2608,嘉里大榮        ,"81,000","10,000","71,000",0,0,0,0,0,0,0,0,0,0,0,0,0,"71,000",2018-01-24,,
2608,嘉里大榮        ,"131,000","38,000","93,000",0,0,0,0,0,0,0,0,0,0,0,0,0,"93,000",2018-01-25,,
2608,嘉里大榮        ,"135,000","17,000","118,000",0,0,0,0,0,0,0,0,0,0,0,0,0,"118,000",2018-01-26,,
2608,嘉里大榮        ,"91,000","44,000","47,000",0,0,0,0,0,0,0,0,0,0,0,0,0,"47,000",2018-01-29,,
2608,嘉里大榮        ,"93,000","30,000","63,000",0,0,0,0,0,0,0,0,0,0,0,0,0,"63,000",2018-01-30,,
2608,嘉里大榮        ,"74,000","29,000","45,000",0,0,0,0,0,0,0,0,0,0,0,0,0,"45,000",2018-01-31,,
2608,嘉里大榮        ,"52,000","4,000","48,000",0,0,0,0,0,0,0,0,0,0,0,0,0,"48,000",2018-02-01,,
2608,嘉里大榮        ,"52,000","19,000","33,000",0,0,0,0,0,0,0,0,0,0,0,0,0,"33,000",2018-02-02,,
2608,嘉里大榮        ,"137,000","42,000","95,000",0,0,0,0,0,0,"3,000","3,000",0,"3,000",0,0,0,"98,000",2018-02-05,,
2608,嘉里大榮        ,"205,000","136,000","69,000",0,0,0,0,0,0,0,0,0,0,0,0,0,"69,000",2018-02-06,,
2608,嘉里大榮        ,"158,000","187,000","-29,000",0,0,0,0,0,0,0,0,0,0,0,0,0,"-29,000",2018-02-07,,
2608,嘉里大榮        ,"134,000","18,000","116,000",0,0,0,0,0,0,"-7,000",0,"7,000","-7,000",0,0,0,"109,000",2018-02-08,,
2608,嘉里大榮        ,"107,000","10,000","97,000",0,0,0,0,0,0,0,0,0,0,0,0,0,"97,000",2018-02-09,,
2608,嘉里大榮        ,"125,000","23,000","102,000",0,0,0,0,0,0,0,0,0,0,0,0,0,"102,000",2018-02-12,,
2608,嘉里大榮        ,"204,000","10,000","194,000",0,0,0,0,0,0,0,0,0,0,0,0,0,"194,000",2018-02-21,,
2608,嘉里大榮        ,"60,000","9,000","51,000",0,0,0,0,0,0,0,0,0,0,0,0,0,"51,000",2018-02-22,,
2608,嘉里大榮        ,"84,000","2,000","82,000",0,0,0,0,0,0,0,0,0,0,0,0,0,"82,000",2018-02-23,,
2608,嘉里大榮        ,"81,000","34,000","47,000",0,0,0,0,0,0,0,0,0,0,0,0,0,"47,000",2018-02-26,,
2608,嘉里大榮        ,"138,000","1,000","137,000",0,0,0,0,0,0,"-1,000",0,"1,000","-1,000",0,0,0,"136,000",2018-02-27,,
2608,嘉里大榮        ,"96,000","46,000","50,000",0,0,0,0,0,0,0,0,0,0,0,0,0,"50,000",2018-03-01,,
2608,嘉里大榮        ,"98,000","106,000","-8,000",0,0,0,0,0,0,0,0,0,0,0,0,0,"-8,000",2018-03-02,,
2608,嘉里大榮        ,"119,000","183,000","-64,000",0,0,0,0,0,0,0,0,0,0,0,0,0,"-64,000",2018-03-05,,
2608,嘉里大榮        ,"11,000","10,000","1,000",0,0,0,0,0,0,0,0,0,0,0,0,0,"1,000",2018-03-06,,
2608,嘉里大榮        ,"52,000","44,000","8,000",0,0,0,0,0,0,0,0,0,0,0,0,0,"8,000",2018-03-07,,
2608,嘉里大榮        ,"13,000","1,000","12,000",0,0,0,0,0,0,0,0,0,0,0,0,0,"12,000",2018-03-08,,
2608,嘉里大榮        ,"46,000","1,000","45,000",0,0,0,0,0,0,0,0,0,0,0,0,0,"45,000",2018-03-09,,
2608,嘉里大榮        ,"142,000","1,000","141,000",0,0,0,0,0,0,0,0,0,0,0,0,0,"141,000",2018-03-12,,
2608,嘉里大榮        ,"125,000","5,000","120,000",0,0,0,0,0,0,0,0,0,0,0,0,0,"120,000",2018-03-13,,
2608,嘉里大榮        ,"24,000","8,000","16,000",0,0,0,0,0,0,0,0,0,0,0,0,0,"16,000",2018-03-14,,
2608,嘉里大榮        ,"39,000","2,000","37,000",0,0,0,0,0,0,0,0,0,0,0,0,0,"37,000",2018-03-15,,
2608,嘉里大榮        ,"111,000","101,000","10,000",0,0,0,0,0,0,"13,000","13,000",0,"13,000",0,0,0,"23,000",2018-03-16,,
2608,嘉里大榮        ,"39,000","2,000","37,000",0,0,0,0,0,0,0,0,0,0,0,0,0,"37,000",2018-03-19,,
2608,嘉里大榮        ,"44,000","1,000","43,000",0,0,0,0,0,0,0,0,0,0,0,0,0,"43,000",2018-03-20,,
2608,嘉里大榮        ,"47,000","5,000","42,000",0,0,0,0,0,0,0,0,0,0,0,0,0,"42,000",2018-03-21,,
2608,嘉里大榮        ,"38,000","2,000","36,000",0,0,0,0,0,0,0,0,0,0,0,0,0,"36,000",2018-03-22,,
2608,嘉里大榮        ,"58,000","4,000","54,000",0,0,0,0,0,0,0,0,0,0,0,0,0,"54,000",2018-03-23,,
2608,嘉里大榮        ,"11,000","7,000","4,000",0,0,0,0,0,0,0,0,0,0,0,0,0,"4,000",2018-03-26,,
2608,嘉里大榮        ,"8,000","8,000",0,0,0,0,0,0,0,0,0,0,0,0,0,0,0,2018-03-27,,
2608,嘉里大榮        ,"52,000","2,000","50,000",0,0,0,0,0,0,0,0,0,0,0,0,0,"50,000",2018-03-28,,
2608,嘉里大榮        ,"25,000","1,000","24,000",0,0,0,0,0,0,0,0,0,0,0,0,0,"24,000",2018-03-29,,
2608,嘉里大榮        ,"5,000","1,000","4,000",0,0,0,0,0,0,0,0,0,0,0,0,0,"4,000",2018-03-30,,
2608,嘉里大榮        ,"25,000","1,000","24,000",0,0,0,0,0,0,0,0,0,0,0,0,0,"24,000",2018-04-02,,
2608,嘉里大榮        ,"76,000","1,000","75,000",0,0,0,0,0,0,"-1,000",0,"1,000","-1,000",0,0,0,"74,000",2018-04-03,,
2608,嘉里大榮        ,"73,000","1,000","72,000",0,0,0,0,0,0,"-3,000",0,"3,000","-3,000",0,0,0,"69,000",2018-04-09,,
2608,嘉里大榮        ,"65,000","25,000","40,000",0,0,0,0,0,0,"-1,000",0,"1,000","-1,000",0,0,0,"39,000",2018-04-10,,
2608,嘉里大榮        ,"34,000",0,"34,000",0,0,0,0,0,0,0,0,0,0,0,0,0,"34,000",2018-04-11,,
2608,嘉里大榮        ,"44,000",0,"44,000",0,0,0,0,0,0,"-2,000",0,"2,000","-2,000",0,0,0,"42,000",2018-04-12,,
2608,嘉里大榮        ,"65,000",0,"65,000",0,0,0,0,0,0,0,0,0,0,0,0,0,"65,000",2018-04-13,,
2608,嘉里大榮        ,"64,000","5,000","59,000",0,0,0,0,0,0,0,0,0,0,0,0,0,"59,000",2018-04-16,,
2608,嘉里大榮        ,"53,000","5,000","48,000",0,0,0,0,0,0,0,0,0,0,0,0,0,"48,000",2018-04-17,,
2608,嘉里大榮        ,"149,000","75,000","74,000",0,0,0,0,0,0,0,0,0,0,0,0,0,"74,000",2018-04-18,,
2608,嘉里大榮        ,"94,000","54,000","40,000",0,0,0,0,0,0,0,0,0,0,0,0,0,"40,000",2018-04-19,,
2608,嘉里大榮        ,"122,000","3,000","119,000",0,0,0,0,"4,000","-4,000","3,000","3,000",0,"3,000",0,0,0,"118,000",2018-04-20,,
2608,嘉里大榮        ,"392,000","5,000","387,000",0,0,0,0,"6,000","-6,000",0,0,0,0,0,0,0,"381,000",2018-04-23,,
2608,嘉里大榮        ,"196,000","9,000","187,000",0,0,0,0,0,0,"1,000","1,000",0,"1,000",0,0,0,"188,000",2018-04-24,,
2608,嘉里大榮        ,"108,000","9,000","99,000",0,0,0,0,"1,000","-1,000","-1,000",0,"1,000","-1,000",0,0,0,"97,000",2018-04-25,,
2608,嘉里大榮        ,"232,000","4,000","228,000",0,0,0,0,0,0,0,0,0,0,0,0,0,"228,000",2018-04-26,,
2608,嘉里大榮        ,"80,000","8,000","72,000",0,0,0,0,0,0,"-1,000",0,"1,000","-1,000",0,0,0,"71,000",2018-04-27,,
2608,嘉里大榮        ,"43,000","1,000","42,000",0,0,0,0,0,0,0,0,0,0,0,0,0,"42,000",2018-04-30,,
2608,嘉里大榮        ,"90,000","8,000","82,000",0,0,0,0,0,0,"-10,000",0,"10,000","-10,000",0,0,0,"72,000",2018-05-02,,
2608,嘉里大榮        ,"32,000","1,000","31,000",0,0,0,0,0,0,0,0,0,0,0,0,0,"31,000",2018-05-03,,
2608,嘉里大榮        ,"129,000","1,000","128,000",0,0,0,0,0,0,0,0,0,0,0,0,0,"128,000",2018-05-04,,
2608,嘉里大榮        ,"21,000",0,"21,000",0,0,0,0,0,0,"-1,000",0,"1,000","-1,000",0,0,0,"20,000",2018-05-07,,
2608,嘉里大榮        ,"26,000","2,000","24,000",0,0,0,0,0,0,"-1,000","3,000","4,000","-1,000",0,0,0,"23,000",2018-05-08,,
2608,嘉里大榮        ,"38,000","11,000","27,000",0,0,0,0,0,0,0,0,0,0,0,0,0,"27,000",2018-05-09,,
2608,嘉里大榮        ,"50,000","12,000","38,000",0,0,0,0,0,0,0,0,0,0,0,0,0,"38,000",2018-05-10,,
2608,嘉里大榮        ,"25,000","2,000","23,000",0,0,0,0,0,0,0,0,0,0,0,0,0,"23,000",2018-05-11,,
2608,嘉里大榮        ,"51,000","2,000","49,000",0,0,0,0,0,0,0,0,0,0,0,0,0,"49,000",2018-05-14,,
2608,嘉里大榮        ,"47,000","4,000","43,000",0,0,0,0,0,0,"-3,000",0,"3,000","-3,000",0,0,0,"40,000",2018-05-15,,
2608,嘉里大榮        ,"42,000",0,"42,000",0,0,0,0,0,0,0,0,0,0,0,0,0,"42,000",2018-05-16,,
2608,嘉里大榮        ,"86,000",0,"86,000",0,0,0,0,0,0,"-1,000",0,"1,000","-1,000",0,0,0,"85,000",2018-05-17,,
2608,嘉里大榮        ,"34,000","10,000","24,000",0,0,0,0,0,0,0,0,0,0,0,0,0,"24,000",2018-05-18,,
2608,嘉里大榮        ,"28,000","1,000","27,000",0,0,0,0,0,0,0,0,0,0,0,0,0,"27,000",2018-05-21,,
2608,嘉里大榮        ,"49,000","29,000","20,000",0,0,0,0,0,0,"-1,000",0,"1,000","-1,000",0,0,0,"19,000",2018-05-22,,
2608,嘉里大榮        ,"27,000",0,"27,000",0,0,0,0,0,0,0,0,0,0,0,0,0,"27,000",2018-05-23,,
2608,嘉里大榮        ,"29,000",0,"29,000",0,0,0,0,0,0,0,0,0,0,0,0,0,"29,000",2018-05-24,,
2608,嘉里大榮        ,"30,000",0,"30,000",0,0,0,0,0,0,0,0,0,0,0,0,0,"30,000",2018-05-25,,
2608,嘉里大榮        ,"4,000","2,000","2,000",0,0,0,0,0,0,0,0,0,0,0,0,0,"2,000",2018-05-28,,
2608,嘉里大榮        ,"41,000",0,"41,000",0,0,0,0,0,0,0,0,0,0,0,0,0,"41,000",2018-05-29,,
2608,嘉里大榮        ,"30,000","7,000","23,000",0,0,0,0,0,0,0,0,0,0,0,0,0,"23,000",2018-05-30,,
2608,嘉里大榮        ,"202,000","272,521","-70,521",0,0,0,0,0,0,"5,000","5,000",0,"5,000",0,0,0,"-65,521",2018-05-31,,
2608,嘉里大榮        ,"103,000","1,000","102,000",0,0,0,0,0,0,0,0,0,0,0,0,0,"102,000",2018-06-01,,
2608,嘉里大榮        ,"18,000","4,000","14,000",0,0,0,0,0,0,0,0,0,0,0,0,0,"14,000",2018-06-04,,
2608,嘉里大榮        ,"11,000","2,000","9,000",0,0,0,0,0,0,0,0,0,0,0,0,0,"9,000",2018-06-05,,
2608,嘉里大榮        ,"62,000","4,000","58,000",0,0,0,0,0,0,0,0,0,0,0,0,0,"58,000",2018-06-06,,
2608,嘉里大榮        ,"70,000","3,000","67,000",0,0,0,0,0,0,0,0,0,0,0,0,0,"67,000",2018-06-07,,
2608,嘉里大榮        ,"28,000","2,000","26,000",0,0,0,0,0,0,"-1,000",0,"1,000","-1,000",0,0,0,"25,000",2018-06-08,,
2608,嘉里大榮        ,"25,000","7,000","18,000",0,0,0,0,0,0,"-2,000",0,"2,000","-2,000",0,0,0,"16,000",2018-06-11,,
2608,嘉里大榮        ,"25,000","7,000","18,000",0,0,0,0,0,0,0,0,0,0,0,0,0,"18,000",2018-06-12,,
2608,嘉里大榮        ,"26,000","17,000","9,000",0,0,0,0,0,0,"2,000","2,000",0,"2,000",0,0,0,"11,000",2018-06-13,,
2608,嘉里大榮        ,"36,000","37,000","-1,000",0,0,0,0,0,0,0,0,0,0,0,0,0,"-1,000",2018-06-14,,
2608,嘉里大榮        ,"39,000","25,000","14,000",0,0,0,0,0,0,0,0,0,0,0,0,0,"14,000",2018-06-15,,
2608,嘉里大榮        ,"14,000","27,000","-13,000",0,0,0,0,0,0,"-5,000",0,"5,000","-5,000",0,0,0,"-18,000",2018-06-19,,
2608,嘉里大榮        ,"27,000","6,000","21,000",0,0,0,0,0,0,0,0,0,0,0,0,0,"21,000",2018-06-20,,
2608,嘉里大榮        ,"18,000","28,000","-10,000",0,0,0,0,0,0,0,0,0,0,0,0,0,"-10,000",2018-06-21,,
2608,嘉里大榮        ,"36,000","1,000","35,000",0,0,0,0,0,0,0,0,0,0,0,0,0,"35,000",2018-06-22,,
2608,嘉里大榮        ,"21,000","4,000","17,000",0,0,0,0,0,0,0,"2,000","2,000",0,0,0,0,"17,000",2018-06-25,,
2608,嘉里大榮        ,"25,000","5,000","20,000",0,0,0,0,0,0,"3,000","3,000",0,"3,000",0,0,0,"23,000",2018-06-26,,
2608,嘉里大榮        ,"21,000",0,"21,000",0,0,0,0,0,0,0,0,0,0,0,0,0,"21,000",2018-06-27,,
2608,嘉里大榮        ,"94,000","6,000","88,000",0,0,0,0,0,0,"3,000","5,000","2,000","3,000",0,0,0,"91,000",2018-06-28,,
2608,嘉里大榮        ,"15,000","1,000","14,000",0,0,0,0,0,0,"-1,000",0,"1,000","-1,000",0,0,0,"13,000",2018-06-29,,
2608,嘉里大榮        ,"50,000","2,000","48,000",0,0,0,0,0,0,0,0,0,0,0,0,0,"48,000",2018-07-02,,
2608,嘉里大榮        ,"35,000","6,000","29,000",0,0,0,0,0,0,0,0,0,0,0,0,0,"29,000",2018-07-03,,
2608,嘉里大榮        ,"9,000","24,000","-15,000",0,0,0,0,0,0,0,0,0,0,0,0,0,"-15,000",2018-07-04,,
2608,嘉里大榮        ,"49,000",0,"49,000",0,0,0,0,0,0,0,0,0,0,0,0,0,"49,000",2018-07-05,,
2608,嘉里大榮        ,"67,000",0,"67,000",0,0,0,0,0,0,0,0,0,0,0,0,0,"67,000",2018-07-06,,
2608,嘉里大榮        ,"94,000","3,000","91,000",0,0,0,0,0,0,0,0,0,0,0,0,0,"91,000",2018-07-09,,
2608,嘉里大榮        ,"92,000",0,"92,000",0,0,0,0,0,0,0,0,0,0,0,0,0,"92,000",2018-07-10,,
2608,嘉里大榮        ,"51,000","5,000","46,000",0,0,0,0,0,0,0,0,0,0,0,0,0,"46,000",2018-07-11,,
2608,嘉里大榮        ,"64,000",0,"64,000",0,0,0,0,0,0,0,0,0,0,0,0,0,"64,000",2018-07-12,,
2608,嘉里大榮        ,"59,000","7,000","52,000",0,0,0,0,0,0,"-2,000",0,"2,000","-2,000",0,0,0,"50,000",2018-07-13,,
2608,嘉里大榮        ,"27,000","5,000","22,000",0,0,0,0,0,0,0,0,0,0,0,0,0,"22,000",2018-07-16,,
2608,嘉里大榮        ,"26,000","11,000","15,000",0,0,0,0,0,0,0,0,0,0,0,0,0,"15,000",2018-07-17,,
2608,嘉里大榮        ,"67,000","1,000","66,000",0,0,0,0,0,0,0,0,0,0,0,0,0,"66,000",2018-07-18,,
2608,嘉里大榮        ,"45,000","1,000","44,000",0,0,0,0,0,0,"1,000","1,000",0,"1,000",0,0,0,"45,000",2018-07-19,,
2608,嘉里大榮        ,"48,000",0,"48,000",0,0,0,0,0,0,"10,000","10,000",0,"10,000",0,0,0,"58,000",2018-07-20,,
2608,嘉里大榮        ,"122,000",0,"122,000",0,0,0,0,0,0,"9,000","10,000","1,000","9,000",0,0,0,"131,000",2018-07-23,,
2608,嘉里大榮        ,"77,000","1,000","76,000",0,0,0,0,0,0,0,0,0,0,0,0,0,"76,000",2018-07-24,,
2608,嘉里大榮        ,"77,000","1,000","76,000",0,0,0,0,0,0,0,0,0,0,0,0,0,"76,000",2018-07-25,,
2608,嘉里大榮        ,"39,000","7,000","32,000",0,0,0,0,0,0,0,0,0,0,0,0,0,"32,000",2018-07-26,,
2608,嘉里大榮        ,"9,000",0,"9,000",0,0,0,0,0,0,0,0,0,0,0,0,0,"9,000",2018-07-27,,
2608,嘉里大榮        ,"56,000","7,000","49,000",0,0,0,0,0,0,0,0,0,0,0,0,0,"49,000",2018-07-30,,
2608,嘉里大榮        ,"72,000","33,000","39,000",0,0,0,0,0,0,0,0,0,0,0,0,0,"39,000",2018-07-31,,
2608,嘉里大榮        ,"100,000","12,000","88,000",0,0,0,0,0,0,0,0,0,0,0,0,0,"88,000",2018-08-01,,
2608,嘉里大榮        ,"43,000","76,000","-33,000",0,0,0,0,0,0,"-1,000",0,"1,000","-1,000",0,0,0,"-34,000",2018-08-02,,
2608,嘉里大榮        ,"47,000","19,000","28,000",0,0,0,0,0,0,0,0,0,0,0,0,0,"28,000",2018-08-03,,
2608,嘉里大榮        ,"32,000","2,000","30,000",0,0,0,0,0,0,0,0,0,0,0,0,0,"30,000",2018-08-06,,
2608,嘉里大榮        ,"27,000","4,000","23,000",0,0,0,0,0,0,0,0,0,0,0,0,0,"23,000",2018-08-07,,
2608,嘉里大榮        ,"35,000","4,000","31,000",0,0,0,0,0,0,0,0,0,0,0,0,0,"31,000",2018-08-08,,
2608,嘉里大榮        ,"9,529","2,000","7,529",0,0,0,0,0,0,0,0,0,0,0,0,0,"7,529",2018-08-09,,
2608,嘉里大榮        ,"33,000","6,000","27,000",0,0,0,0,0,0,"-1,000",0,"1,000","-1,000",0,0,0,"26,000",2018-08-10,,
2608,嘉里大榮        ,"45,000","5,000","40,000",0,0,0,0,0,0,"1,000","1,000",0,"1,000",0,0,0,"41,000",2018-08-13,,
2608,嘉里大榮        ,"28,000","8,000","20,000",0,0,0,0,0,0,0,0,0,0,0,0,0,"20,000",2018-08-14,,
2608,嘉里大榮        ,"64,000","5,000","59,000",0,0,0,0,0,0,0,0,0,0,0,0,0,"59,000",2018-08-15,,
2608,嘉里大榮        ,"38,000","15,000","23,000",0,0,0,0,0,0,0,0,0,0,0,0,0,"23,000",2018-08-16,,
2608,嘉里大榮        ,"35,000","7,000","28,000",0,0,0,0,0,0,0,0,0,0,0,0,0,"28,000",2018-08-17,,
2608,嘉里大榮        ,"88,000","2,000","86,000",0,0,0,0,0,0,0,0,0,0,0,0,0,"86,000",2018-08-20,,
2608,嘉里大榮        ,"221,000","271,000","-50,000",0,0,0,0,0,0,0,0,0,0,0,0,0,"-50,000",2018-08-21,,
2608,嘉里大榮        ,"19,000",0,"19,000",0,0,0,0,0,0,"-18,000",0,"18,000","-18,000",0,0,0,"1,000",2018-08-22,,
2608,嘉里大榮        ,"20,000","11,000","9,000",0,0,0,0,0,0,"-3,000",0,"3,000","-3,000",0,0,0,"6,000",2018-08-23,,
2608,嘉里大榮        ,"8,000","2,000","6,000",0,0,0,0,0,0,0,0,0,0,0,0,0,"6,000",2018-08-24,,
2608,嘉里大榮        ,"8,000","3,000","5,000",0,0,0,0,0,0,0,0,0,0,0,0,0,"5,000",2018-08-27,,
2608,嘉里大榮        ,"25,000","10,000","15,000",0,0,0,0,0,0,0,0,0,0,0,0,0,"15,000",2018-08-28,,
2608,嘉里大榮        ,"31,000","11,000","20,000",0,0,0,0,0,0,"-1,000",0,"1,000","-1,000",0,0,0,"19,000",2018-08-29,,
2608,嘉里大榮        ,"44,000","10,000","34,000",0,0,0,0,0,0,0,0,0,0,0,0,0,"34,000",2018-08-30,,
2608,嘉里大榮        ,"28,000","1,000","27,000",0,0,0,0,0,0,0,0,0,0,0,0,0,"27,000",2018-08-31,,
2608,嘉里大榮        ,"11,000","4,000","7,000",0,0,0,0,0,0,0,0,0,0,0,0,0,"7,000",2018-09-04,,
2608,嘉里大榮        ,"37,000","10,000","27,000",0,0,0,0,0,0,"5,000","5,000",0,"5,000",0,0,0,"32,000",2018-09-05,,
2608,嘉里大榮        ,"6,000","6,000",0,0,0,0,0,0,0,0,0,0,0,0,0,0,0,2018-09-06,,
2608,嘉里大榮        ,"9,000","6,000","3,000",0,0,0,0,0,0,0,0,0,0,0,0,0,"3,000",2018-09-07,,
2608,嘉里大榮        ,"34,000","20,000","14,000",0,0,0,0,0,0,0,0,0,0,0,0,0,"14,000",2018-09-10,,
2608,嘉里大榮        ,"36,000",0,"36,000",0,0,0,0,0,0,"-2,000",0,"2,000","-2,000",0,0,0,"34,000",2018-09-11,,
2608,嘉里大榮        ,"23,000",0,"23,000",0,0,0,0,0,0,"1,000","1,000",0,"1,000",0,0,0,"24,000",2018-09-12,,
2608,嘉里大榮        ,"48,000","1,000","47,000",0,0,0,0,0,0,"-3,000",0,"3,000","-3,000",0,0,0,"44,000",2018-09-13,,
2608,嘉里大榮        ,"7,000",0,"7,000",0,0,0,0,0,0,0,0,0,0,0,0,0,"7,000",2018-09-14,,
2608,嘉里大榮        ,"14,000",0,"14,000",0,0,0,0,0,0,"-5,000",0,"5,000","-5,000",0,0,0,"9,000",2018-09-17,,
2608,嘉里大榮        ,"10,000",0,"10,000",0,0,0,0,0,0,0,0,0,0,0,0,0,"10,000",2018-09-18,,
2608,嘉里大榮        ,"193,000","77,000","116,000",0,0,0,0,0,0,"-20,000",0,"20,000","-20,000",0,0,0,"96,000",2018-09-19,,
2608,嘉里大榮        ,"19,000",0,"19,000",0,0,0,0,0,0,0,0,0,0,0,0,0,"19,000",2018-09-20,,
2608,嘉里大榮        ,"65,000","25,000","40,000",0,0,0,0,0,0,"1,000","1,000",0,"1,000",0,0,0,"41,000",2018-09-21,,
2608,嘉里大榮        ,"19,000",0,"19,000",0,0,0,0,0,0,0,0,0,0,0,0,0,"19,000",2018-09-25,,
2608,嘉里大榮        ,"3,000",0,"3,000",0,0,0,0,0,0,0,0,0,0,0,0,0,"3,000",2018-09-26,,
2608,嘉里大榮        ,"47,000","5,000","42,000",0,0,0,0,0,0,"-1,000",0,"1,000","-1,000",0,0,0,"41,000",2018-09-27,,
2608,嘉里大榮        ,"20,000","30,000","-10,000",0,0,0,0,0,0,0,0,0,0,0,0,0,"-10,000",2018-09-28,,
2608,嘉里大榮        ,"10,000","16,000","-6,000",0,0,0,0,0,0,0,0,0,0,0,0,0,"-6,000",2018-10-01,,
2608,嘉里大榮        ,"7,000","2,000","5,000",0,0,0,0,0,0,0,0,0,0,0,0,0,"5,000",2018-10-02,,
2608,嘉里大榮        ,"53,000","112,000","-59,000",0,0,0,0,0,0,0,0,0,0,0,0,0,"-59,000",2018-10-03,,
2608,嘉里大榮        ,"13,000",0,"13,000",0,0,0,0,0,0,"-11,000",0,"11,000","-11,000",0,0,0,"2,000",2018-10-04,,
2608,嘉里大榮        ,"25,000","3,000","22,000",0,0,0,"5,586",0,"5,586","6,000","9,000","3,000","6,000",0,0,0,"33,586",2018-10-05,,
2608,嘉里大榮        ,"26,000",0,"26,000",0,0,0,0,0,0,"3,000","3,000",0,"3,000",0,0,0,"29,000",2018-10-08,,
2608,嘉里大榮        ,"28,000","45,000","-17,000",0,0,0,0,0,0,0,0,0,0,0,0,0,"-17,000",2018-10-10,,
2608,嘉里大榮        ,"12,000","4,000","8,000",0,0,0,0,0,0,"-22,000",0,"22,000","-22,000",0,0,0,"-14,000",2018-10-11,,
2608,嘉里大榮        ,"30,000","99,000","-69,000",0,0,0,0,0,0,0,0,0,0,0,0,0,"-69,000",2018-10-12,,
2608,嘉里大榮        ,"23,000","43,000","-20,000",0,0,0,0,0,0,0,0,0,0,0,0,0,"-20,000",2018-10-15,,
2608,嘉里大榮        ,"3,000","1,000","2,000",0,0,0,0,0,0,0,0,0,0,0,0,0,"2,000",2018-10-16,,
2608,嘉里大榮        ,"9,000","3,000","6,000",0,0,0,0,0,0,"1,000","1,000",0,"1,000",0,0,0,"7,000",2018-10-17,,
2608,嘉里大榮        ,"28,000","45,000","-17,000",0,0,0,0,0,0,0,0,0,0,0,0,0,"-17,000",2018-10-18,,
2608,嘉里大榮        ,"38,000","24,000","14,000",0,0,0,0,0,0,"-1,000",0,"1,000","-1,000",0,0,0,"13,000",2018-10-19,,
2608,嘉里大榮        ,"7,000","5,000","2,000",0,0,0,0,0,0,0,0,0,0,0,0,0,"2,000",2018-10-22,,
2608,嘉里大榮        ,"12,000","9,000","3,000",0,0,0,0,0,0,0,0,0,0,0,0,0,"3,000",2018-10-23,,
2608,嘉里大榮        ,"23,000","26,000","-3,000",0,0,0,0,0,0,0,0,0,0,0,0,0,"-3,000",2018-10-24,,
2608,嘉里大榮        ,"28,000","22,000","6,000",0,0,0,0,0,0,"-1,000",0,"1,000","-1,000",0,0,0,"5,000",2018-10-25,,
2608,嘉里大榮        ,"56,000","26,000","30,000",0,0,0,0,0,0,"-4,000",0,"4,000","-4,000",0,0,0,"26,000",2018-10-26,,
2608,嘉里大榮        ,"11,000","28,000","-17,000",0,0,0,0,0,0,0,0,0,0,0,0,0,"-17,000",2018-10-29,,
2608,嘉里大榮        ,"32,000","141,000","-109,000",0,0,0,0,0,0,"-1,000",0,"1,000","-1,000",0,0,0,"-110,000",2018-10-30,,
2608,嘉里大榮        ,"24,000","15,000","9,000",0,0,0,0,0,0,"-22,000","1,000","23,000","-22,000",0,0,0,"-13,000",2018-10-31,,
2608,嘉里大榮        ,"2,000",0,"2,000",0,0,0,0,0,0,"-5,000",0,"5,000","-5,000",0,0,0,"-3,000",2018-11-01,,
2608,嘉里大榮        ,"55,000","28,000","27,000",0,0,0,0,"1,952","-1,952","-9,000",0,"9,000","-9,000",0,0,0,"16,048",2018-11-02,,
2608,嘉里大榮        ,"85,000","48,000","37,000",0,0,0,0,0,0,"-9,000",0,"9,000","-9,000",0,0,0,"28,000",2018-11-05,,
2608,嘉里大榮        ,"18,000","15,000","3,000",0,0,0,0,0,0,0,0,0,0,0,0,0,"3,000",2018-11-06,,
2608,嘉里大榮        ,"8,000","6,000","2,000",0,0,0,0,0,0,0,0,0,0,0,0,0,"2,000",2018-11-07,,
2608,嘉里大榮        ,"30,000","15,000","15,000",0,0,0,0,0,0,0,0,0,0,0,0,0,"15,000",2018-11-08,,
2608,嘉里大榮        ,"43,000","21,000","22,000",0,0,0,0,0,0,0,0,0,0,0,0,0,"22,000",2018-11-09,,
2608,嘉里大榮        ,"4,000","6,000","-2,000",0,0,0,0,0,0,0,0,0,0,0,0,0,"-2,000",2018-11-12,,
2608,嘉里大榮        ,"16,000","32,000","-16,000",0,0,0,0,0,0,0,0,0,0,0,0,0,"-16,000",2018-11-13,,
2608,嘉里大榮        ,"77,000","98,000","-21,000",0,0,0,0,0,0,0,0,0,0,0,0,0,"-21,000",2018-11-14,,
2608,嘉里大榮        ,"23,000","28,000","-5,000",0,0,0,0,0,0,0,0,0,0,0,0,0,"-5,000",2018-11-15,,
2608,嘉里大榮        ,"78,000","86,000","-8,000",0,0,0,0,0,0,0,0,0,0,0,0,0,"-8,000",2018-11-16,,
2608,嘉里大榮        ,"13,000","7,000","6,000",0,0,0,0,0,0,0,0,0,0,0,0,0,"6,000",2018-11-19,,
2608,嘉里大榮        ,"19,000",0,"19,000",0,0,0,0,0,0,0,0,0,0,0,0,0,"19,000",2018-11-20,,
2608,嘉里大榮        ,"18,000","40,000","-22,000",0,0,0,0,0,0,0,0,0,0,0,0,0,"-22,000",2018-11-21,,
2608,嘉里大榮        ,"20,000","38,000","-18,000",0,0,0,0,0,0,0,0,0,0,0,0,0,"-18,000",2018-11-22,,
2608,嘉里大榮        ,0,"16,000","-16,000",0,0,0,0,0,0,0,0,0,0,0,0,0,"-16,000",2018-11-23,,
2608,嘉里大榮        ,"72,000","74,000","-2,000",0,0,0,0,0,0,0,0,0,0,0,0,0,"-2,000",2018-11-26,,
2608,嘉里大榮        ,"27,000","101,000","-74,000",0,0,0,0,0,0,0,0,0,0,0,0,0,"-74,000",2018-11-27,,
2608,嘉里大榮        ,"50,000","66,000","-16,000",0,0,0,0,0,0,0,0,0,0,0,0,0,"-16,000",2018-11-28,,
2608,嘉里大榮        ,"146,000","195,000","-49,000",0,0,0,0,0,0,0,0,0,0,0,0,0,"-49,000",2018-11-29,,
2608,嘉里大榮        ,"367,000","721,000","-354,000",0,0,0,0,0,0,"7,000","7,000",0,"7,000",0,0,0,"-347,000",2018-11-30,,
2608,嘉里大榮        ,"66,000","251,000","-185,000",0,0,0,0,0,0,"5,000","5,000",0,"5,000",0,0,0,"-180,000",2018-12-03,,
2608,嘉里大榮        ,"103,000","300,000","-197,000",0,0,0,0,0,0,0,0,0,0,0,0,0,"-197,000",2018-12-04,,
2608,嘉里大榮        ,"70,000","310,000","-240,000",0,0,0,0,0,0,0,0,0,0,0,0,0,"-240,000",2018-12-05,,
2608,嘉里大榮        ,"106,000","231,000","-125,000",0,0,0,0,0,0,0,0,0,0,0,0,0,"-125,000",2018-12-06,,
2608,嘉里大榮        ,"68,000","48,000","20,000",0,0,0,0,0,0,0,0,0,0,0,0,0,"20,000",2018-12-07,,
2608,嘉里大榮        ,"20,000","31,000","-11,000",0,0,0,0,0,0,0,0,0,0,0,0,0,"-11,000",2018-12-10,,
2608,嘉里大榮        ,"13,000","33,000","-20,000",0,0,0,0,0,0,"-3,000",0,"3,000","-3,000",0,0,0,"-23,000",2018-12-11,,
2608,嘉里大榮        ,"48,000","33,000","15,000",0,0,0,0,0,0,"-4,000",0,"4,000","-4,000",0,0,0,"11,000",2018-12-12,,
2608,嘉里大榮        ,"19,000","28,000","-9,000",0,0,0,0,0,0,0,0,0,0,0,0,0,"-9,000",2018-12-13,,
2608,嘉里大榮        ,"436,000","444,000","-8,000",0,0,0,0,0,0,0,0,0,0,0,0,0,"-8,000",2018-12-14,,
2608,嘉里大榮        ,"466,000","459,000","7,000",0,0,0,0,0,0,0,0,0,0,0,0,0,"7,000",2018-12-17,,
2608,嘉里大榮        ,"32,000","24,000","8,000",0,0,0,0,0,0,0,0,0,0,0,0,0,"8,000",2018-12-18,,
2608,嘉里大榮        ,"25,000","36,000","-11,000",0,0,0,0,0,0,0,0,0,0,0,0,0,"-11,000",2018-12-19,,
2608,嘉里大榮        ,"412,000","423,000","-11,000",0,0,0,0,0,0,0,0,0,0,0,0,0,"-11,000",2018-12-20,,
2608,嘉里大榮        ,"16,000","9,000","7,000",0,0,0,0,0,0,0,0,0,0,0,0,0,"7,000",2018-12-21,,
2608,嘉里大榮        ,0,"12,000","-12,000",0,0,0,0,0,0,0,0,0,0,0,0,0,"-12,000",2018-12-22,,
2608,嘉里大榮        ,"20,000","12,000","8,000",0,0,0,0,0,0,0,0,0,0,0,0,0,"8,000",2018-12-24,,
2608,嘉里大榮        ,0,"19,000","-19,000",0,0,0,0,"3,634","-3,634",0,0,0,0,0,0,0,"-22,634",2018-12-25,,
2608,嘉里大榮        ,"19,000","37,000","-18,000",0,0,0,0,0,0,0,0,0,0,0,0,0,"-18,000",2018-12-26,,
2608,嘉里大榮        ,"10,000","33,000","-23,000",0,0,0,0,0,0,0,0,0,0,0,0,0,"-23,000",2018-12-27,,
2608,嘉里大榮        ,"18,000","33,000","-15,000",0,0,0,0,0,0,0,0,0,0,0,0,0,"-15,000",2018-12-28,,
2608,嘉里大榮        ,"12,000","7,000","5,000",0,0,0,0,0,0,0,0,0,0,0,0,0,"5,000",2019-01-02,,
2608,嘉里大榮        ,"40,000","57,000","-17,000",0,0,0,0,0,0,0,0,0,0,0,0,0,"-17,000",2019-01-03,,
2608,嘉里大榮        ,"27,000","25,000","2,000",0,0,0,0,0,0,0,0,0,0,0,0,0,"2,000",2019-01-04,,
2608,嘉里大榮        ,"20,000","20,000",0,0,0,0,0,0,0,0,0,0,0,0,0,0,0,2019-01-07,,
2608,嘉里大榮        ,"36,000","80,000","-44,000",0,0,0,0,0,0,0,0,0,0,0,0,0,"-44,000",2019-01-08,,
2608,嘉里大榮        ,"86,000","38,000","48,000",0,0,0,0,0,0,"1,000","1,000",0,"1,000",0,0,0,"49,000",2019-01-09,,
2608,嘉里大榮        ,"65,000","63,000","2,000",0,0,0,0,0,0,0,0,0,0,0,0,0,"2,000",2019-01-10,,
2608,嘉里大榮        ,"62,000","56,000","6,000",0,0,0,0,0,0,0,0,0,0,0,0,0,"6,000",2019-01-11,,
2608,嘉里大榮        ,"26,000","55,000","-29,000",0,0,0,0,0,0,0,0,0,0,0,0,0,"-29,000",2019-01-14,,
2608,嘉里大榮        ,"28,000","54,000","-26,000",0,0,0,0,0,0,"1,000","1,000",0,"1,000",0,0,0,"-25,000",2019-01-15,,
2608,嘉里大榮        ,"152,000","177,000","-25,000",0,0,0,0,0,0,0,0,0,0,0,0,0,"-25,000",2019-01-16,,
2608,嘉里大榮        ,"115,000","66,000","49,000",0,0,0,0,0,0,"-1,000",0,"1,000","-1,000",0,0,0,"48,000",2019-01-17,,
2608,嘉里大榮        ,"52,000","41,000","11,000",0,0,0,0,0,0,0,0,0,0,0,0,0,"11,000",2019-01-18,,
2608,嘉里大榮        ,"24,000","18,000","6,000",0,0,0,0,0,0,0,0,0,0,0,0,0,"6,000",2019-01-21,,
2608,嘉里大榮        ,"63,000","53,000","10,000",0,0,0,0,0,0,0,0,0,0,0,0,0,"10,000",2019-01-22,,
2608,嘉里大榮        ,"36,000","22,000","14,000",0,0,0,0,0,0,0,0,0,0,0,0,0,"14,000",2019-01-23,,
2608,嘉里大榮        ,"44,000","74,000","-30,000",0,0,0,0,0,0,0,0,0,0,0,0,0,"-30,000",2019-01-24,,
2608,嘉里大榮        ,"89,000","123,000","-34,000",0,0,0,0,0,0,0,0,0,0,0,0,0,"-34,000",2019-01-25,,
2608,嘉里大榮        ,"46,000","22,000","24,000",0,0,0,0,0,0,"-2,000",0,"2,000","-2,000",0,0,0,"22,000",2019-01-28,,
2608,嘉里大榮        ,"62,000","71,000","-9,000",0,0,0,0,0,0,"-1,000",0,"1,000","-1,000",0,0,0,"-10,000",2019-01-29,,
2608,嘉里大榮        ,"52,000","44,000","8,000",0,0,0,0,0,0,0,0,0,0,0,0,0,"8,000",2019-01-30,,
2608,嘉里大榮        ,"122,000","97,000","25,000",0,0,0,0,0,0,0,0,0,0,0,0,0,"25,000",2019-02-11,,
2608,嘉里大榮        ,"304,000","306,000","-2,000",0,0,0,0,0,0,0,0,0,0,0,0,0,"-2,000",2019-02-12,,
2608,嘉里大榮        ,"24,000","30,000","-6,000",0,0,0,0,0,0,0,0,0,0,0,0,0,"-6,000",2019-02-13,,
2608,嘉里大榮        ,"1,000","68,000","-67,000",0,0,0,0,0,0,0,0,0,0,0,0,0,"-67,000",2019-02-14,,
2608,嘉里大榮        ,"574,000","582,000","-8,000",0,0,0,0,0,0,"-1,000","2,000","3,000","-1,000",0,0,0,"-9,000",2019-02-15,,
2608,嘉里大榮        ,"35,000","67,000","-32,000",0,0,0,0,0,0,0,0,0,0,0,0,0,"-32,000",2019-02-18,,
2608,嘉里大榮        ,"122,000","120,000","2,000",0,0,0,0,0,0,0,0,0,0,0,0,0,"2,000",2019-02-19,,
2608,嘉里大榮        ,"29,000","28,000","1,000",0,0,0,0,0,0,0,0,0,0,0,0,0,"1,000",2019-02-20,,
2608,嘉里大榮        ,"111,000","104,000","7,000",0,0,0,0,0,0,0,0,0,0,0,0,0,"7,000",2019-02-21,,
2608,嘉里大榮        ,"23,000","19,000","4,000",0,0,0,0,0,0,0,0,0,0,0,0,0,"4,000",2019-02-22,,
2608,嘉里大榮        ,"120,000","96,000","24,000",0,0,0,0,0,0,0,0,0,0,0,0,0,"24,000",2019-02-25,,
2608,嘉里大榮        ,"57,000","28,000","29,000",0,0,0,0,0,0,0,0,0,0,0,0,0,"29,000",2019-02-26,,
2608,嘉里大榮        ,"400,000","294,000","106,000",0,0,0,0,0,0,"-1,000",0,"1,000","-1,000",0,0,0,"105,000",2019-02-27,,
2608,嘉里大榮        ,"171,000","69,000","102,000",0,0,0,0,0,0,0,0,0,0,0,0,0,"102,000",2019-03-04,,
2608,嘉里大榮        ,"55,000","18,000","37,000",0,0,0,0,0,0,0,0,0,0,0,0,0,"37,000",2019-03-05,,
2608,嘉里大榮        ,"64,000","36,000","28,000",0,0,0,0,0,0,0,0,0,0,0,0,0,"28,000",2019-03-06,,
2608,嘉里大榮        ,"70,000","39,000","31,000",0,0,0,0,0,0,0,0,0,0,0,0,0,"31,000",2019-03-07,,
2608,嘉里大榮        ,"32,000","29,000","3,000",0,0,0,0,0,0,0,0,0,0,0,0,0,"3,000",2019-03-08,,
2608,嘉里大榮        ,"103,000","99,000","4,000",0,0,0,0,0,0,0,0,0,0,0,0,0,"4,000",2019-03-11,,
2608,嘉里大榮        ,"41,000","36,000","5,000",0,0,0,0,0,0,0,0,0,0,0,0,0,"5,000",2019-03-12,,
2608,嘉里大榮        ,"8,000","17,000","-9,000",0,0,0,0,0,0,0,0,0,0,0,0,0,"-9,000",2019-03-13,,
2608,嘉里大榮        ,"36,000","38,000","-2,000",0,0,0,0,0,0,0,0,0,0,0,0,0,"-2,000",2019-03-14,,
2608,嘉里大榮        ,"78,000","75,000","3,000",0,0,0,0,0,0,"-1,000",0,"1,000","-1,000",0,0,0,"2,000",2019-03-15,,
2608,嘉里大榮        ,"11,000","20,000","-9,000",0,0,0,0,0,0,0,0,0,0,0,0,0,"-9,000",2019-03-18,,
2608,嘉里大榮        ,"38,000","107,000","-69,000",0,0,0,0,0,0,0,0,0,0,0,0,0,"-69,000",2019-03-19,,
2608,嘉里大榮        ,"34,000","30,000","4,000",0,0,0,0,0,0,0,0,0,0,0,0,0,"4,000",2019-03-20,,
2608,嘉里大榮        ,"27,000","43,000","-16,000",0,0,0,0,0,0,0,0,0,0,0,0,0,"-16,000",2019-03-21,,
2608,嘉里大榮        ,"9,000","20,000","-11,000",0,0,0,0,0,0,0,0,0,0,0,0,0,"-11,000",2019-03-22,,
2608,嘉里大榮        ,"60,000","62,000","-2,000",0,0,0,0,0,0,0,0,0,0,0,0,0,"-2,000",2019-03-25,,
2608,嘉里大榮        ,"51,000","65,000","-14,000",0,0,0,0,0,0,0,0,0,0,0,0,0,"-14,000",2019-03-26,,
2608,嘉里大榮        ,"42,000","64,000","-22,000",0,0,0,0,0,0,0,0,0,0,0,0,0,"-22,000",2019-03-27,,
2608,嘉里大榮        ,"32,000","42,000","-10,000",0,0,0,0,0,0,0,0,0,0,0,0,0,"-10,000",2019-03-28,,
2608,嘉里大榮        ,"4,000","61,000","-57,000",0,0,0,0,0,0,0,0,0,0,0,0,0,"-57,000",2019-03-29,,
2608,嘉里大榮        ,"11,000","74,000","-63,000",0,0,0,0,0,0,0,0,0,0,0,0,0,"-63,000",2019-04-01,,
2608,嘉里大榮        ,"474,000","452,000","22,000",0,0,0,0,0,0,0,0,0,0,0,0,0,"22,000",2019-04-02,,
2608,嘉里大榮        ,"37,000","64,000","-27,000",0,0,0,0,0,0,0,0,0,0,0,0,0,"-27,000",2019-04-03,,
2608,嘉里大榮        ,"54,000","72,000","-18,000",0,0,0,0,0,0,0,0,0,0,0,0,0,"-18,000",2019-04-08,,
2608,嘉里大榮        ,"55,000","57,000","-2,000",0,0,0,0,0,0,0,0,0,0,0,0,0,"-2,000",2019-04-09,,
2608,嘉里大榮        ,"55,000","87,000","-32,000",0,0,0,0,0,0,0,0,0,0,0,0,0,"-32,000",2019-04-10,,
2608,嘉里大榮        ,"62,000","54,000","8,000",0,0,0,0,0,0,"1,000","1,000",0,"1,000",0,0,0,"9,000",2019-04-11,,
2608,嘉里大榮        ,"43,000","89,000","-46,000",0,0,0,0,0,0,0,0,0,0,0,0,0,"-46,000",2019-04-12,,
2608,嘉里大榮        ,"76,000","91,000","-15,000",0,0,0,0,0,0,0,0,0,0,0,0,0,"-15,000",2019-04-15,,
2608,嘉里大榮        ,"59,000","68,000","-9,000",0,0,0,0,0,0,0,0,0,0,0,0,0,"-9,000",2019-04-16,,
2608,嘉里大榮        ,"126,000","179,000","-53,000",0,0,0,0,0,0,309,309,0,309,0,0,0,"-52,691",2019-04-17,,
2608,嘉里大榮        ,"69,000","148,000","-79,000",0,0,0,0,0,0,-309,0,309,-309,0,0,0,"-79,309",2019-04-18,,
2608,嘉里大榮        ,"91,000","206,000","-115,000",0,0,0,0,0,0,0,0,0,0,0,0,0,"-115,000",2019-04-19,,
2608,嘉里大榮        ,"30,000","87,000","-57,000",0,0,0,0,0,0,"1,000","1,000",0,"1,000",0,0,0,"-56,000",2019-04-22,,
2608,嘉里大榮        ,"22,000","34,000","-12,000",0,0,0,0,0,0,0,0,0,0,0,0,0,"-12,000",2019-04-23,,
2608,嘉里大榮        ,"43,000","65,000","-22,000",0,0,0,0,0,0,0,0,0,0,0,0,0,"-22,000",2019-04-24,,
2608,嘉里大榮        ,"17,000","53,000","-36,000",0,0,0,0,0,0,0,0,0,0,0,0,0,"-36,000",2019-04-25,,
2608,嘉里大榮        ,"69,000","80,000","-11,000",0,0,0,0,0,0,0,0,0,0,0,0,0,"-11,000",2019-04-26,,
2608,嘉里大榮        ,"36,000","93,000","-57,000",0,0,0,0,0,0,0,0,0,0,0,0,0,"-57,000",2019-04-29,,
2608,嘉里大榮        ,"36,000","101,000","-65,000",0,0,0,0,0,0,0,0,0,0,0,0,0,"-65,000",2019-04-30,,
2608,嘉里大榮        ,"21,000","57,000","-36,000",0,0,0,0,0,0,0,0,0,0,0,0,0,"-36,000",2019-05-02,,
2608,嘉里大榮        ,"88,000","163,000","-75,000",0,0,0,0,0,0,0,0,0,0,0,0,0,"-75,000",2019-05-03,,
2608,嘉里大榮        ,0,"102,000","-102,000",0,0,0,0,0,0,0,0,0,0,0,0,0,"-102,000",2019-05-06,,
2608,嘉里大榮        ,0,"129,000","-129,000",0,0,0,0,0,0,0,0,0,0,0,0,0,"-129,000",2019-05-07,,
2608,嘉里大榮        ,"21,000","83,000","-62,000",0,0,0,0,0,0,"-2,000",0,"2,000","-2,000",0,0,0,"-64,000",2019-05-08,,
2608,嘉里大榮        ,"6,000","46,000","-40,000",0,0,0,0,0,0,0,"1,000","1,000",0,0,0,0,"-40,000",2019-05-09,,
2608,嘉里大榮        ,"23,000","112,000","-89,000",0,0,0,0,0,0,"3,000","3,000",0,"3,000",0,0,0,"-86,000",2019-05-10,,
2608,嘉里大榮        ,"27,000","69,000","-42,000",0,0,0,0,0,0,"6,000","6,000",0,"6,000",0,0,0,"-36,000",2019-05-13,,
2608,嘉里大榮        ,"131,000","120,000","11,000",0,0,0,0,0,0,"6,000","10,000","4,000","6,000",0,0,0,"17,000",2019-05-14,,
2608,嘉里大榮        ,"61,000","144,000","-83,000",0,0,0,0,0,0,0,0,0,0,0,0,0,"-83,000",2019-05-15,,
2608,嘉里大榮        ,"129,000","254,000","-125,000",0,0,0,0,0,0,"-1,000",0,"1,000","-1,000",0,0,0,"-126,000",2019-05-16,,
2608,嘉里大榮        ,"131,000","259,000","-128,000",0,0,0,0,0,0,0,0,0,0,0,0,0,"-128,000",2019-05-17,,
2608,嘉里大榮        ,"138,000","264,000","-126,000",0,0,0,0,0,0,"7,000","7,000",0,"7,000",0,0,0,"-119,000",2019-05-20,,
2608,嘉里大榮        ,"196,000","364,000","-168,000",0,0,0,0,0,0,"3,000","3,000",0,"3,000",0,0,0,"-165,000",2019-05-21,,
2608,嘉里大榮        ,"41,000","168,000","-127,000",0,0,0,0,0,0,"2,000","2,000",0,"2,000",0,0,0,"-125,000",2019-05-22,,
2608,嘉里大榮        ,"100,000","164,000","-64,000",0,0,0,0,0,0,0,0,0,0,0,0,0,"-64,000",2019-05-23,,
2608,嘉里大榮        ,"96,000","104,000","-8,000",0,0,0,0,0,0,0,0,0,0,0,0,0,"-8,000",2019-05-24,,
2608,嘉里大榮        ,"177,000","269,000","-92,000",0,0,0,0,0,0,0,0,0,0,0,0,0,"-92,000",2019-05-27,,
2608,嘉里大榮        ,"2,761,000","5,941,680","-3,180,680",0,0,0,0,0,0,"24,000","24,000",0,"24,000",0,0,0,"-3,156,680",2019-05-28,,
2608,嘉里大榮        ,"374,000","149,000","225,000",0,0,0,0,0,0,"-2,000",0,"2,000","-2,000",0,0,0,"223,000",2019-05-29,,
2608,嘉里大榮        ,"486,000","157,000","329,000",0,0,0,0,0,0,"-1,000",0,"1,000","-1,000",0,0,0,"328,000",2019-05-30,,
2608,嘉里大榮        ,"260,000","168,000","92,000",0,0,0,0,0,0,"-7,000",0,"7,000","-7,000",0,0,0,"85,000",2019-05-31,,
2608,嘉里大榮        ,"310,000","56,000","254,000",0,0,0,0,0,0,"-1,000",0,"1,000","-1,000",0,0,0,"253,000",2019-06-03,,
2608,嘉里大榮        ,"70,000","16,000","54,000",0,0,0,0,0,0,"-5,000",0,"5,000","-5,000",0,0,0,"49,000",2019-06-04,,
2608,嘉里大榮        ,"34,000","32,000","2,000",0,0,0,0,0,0,0,0,0,0,0,0,0,"2,000",2019-06-05,,
2608,嘉里大榮        ,"53,000","16,000","37,000",0,0,0,0,0,0,"-7,000",0,"7,000","-7,000",0,0,0,"30,000",2019-06-06,,
2608,嘉里大榮        ,"29,000","12,000","17,000",0,0,0,0,0,0,0,0,0,0,0,0,0,"17,000",2019-06-10,,
2608,嘉里大榮        ,"24,000","47,000","-23,000",0,0,0,0,0,0,0,0,0,0,0,0,0,"-23,000",2019-06-11,,
2608,嘉里大榮        ,"66,000","75,000","-9,000",0,0,0,0,0,0,0,0,0,0,0,0,0,"-9,000",2019-06-12,,
2608,嘉里大榮        ,"23,000","32,000","-9,000",0,0,0,0,0,0,"-1,000",0,"1,000","-1,000",0,0,0,"-10,000",2019-06-13,,
2608,嘉里大榮        ,"173,000","276,000","-103,000",0,0,0,"115,000",0,"115,000",0,0,0,0,0,0,0,"12,000",2019-06-14,,
2608,嘉里大榮        ,"88,000","147,000","-59,000",0,0,0,"229,000",0,"229,000","29,000","29,000",0,"29,000",0,0,0,"199,000",2019-06-17,,
2608,嘉里大榮        ,"68,000","196,000","-128,000",0,0,0,"325,000",0,"325,000","1,000","1,000",0,"1,000",0,0,0,"198,000",2019-06-18,,
2608,嘉里大榮        ,"130,000","236,000","-106,000",0,0,0,"198,000",0,"198,000","76,000","78,000","2,000","76,000",0,0,0,"168,000",2019-06-19,,
2608,嘉里大榮        ,"86,000","248,000","-162,000",0,0,0,"359,000",0,"359,000","14,000","16,000","2,000","14,000",0,0,0,"211,000",2019-06-20,,
2608,嘉里大榮        ,"129,000","181,000","-52,000",0,0,0,"108,000",0,"108,000",0,0,0,0,0,0,0,"56,000",2019-06-21,,
2608,嘉里大榮        ,"154,000","82,000","72,000",0,0,0,0,0,0,"2,000","2,000",0,"2,000",0,0,0,"74,000",2019-06-24,,
2608,嘉里大榮        ,"67,000","112,000","-45,000",0,0,0,0,0,0,0,0,0,0,0,0,0,"-45,000",2019-06-25,,
2608,嘉里大榮        ,"86,000","159,000","-73,000",0,0,0,0,0,0,"4,000","4,000",0,"4,000",0,0,0,"-69,000",2019-06-26,,
2608,嘉里大榮        ,"107,000","122,000","-15,000",0,0,0,0,0,0,"1,000","1,000",0,"1,000",0,0,0,"-14,000",2019-06-27,,
2608,嘉里大榮        ,"32,000","73,000","-41,000",0,0,0,0,0,0,0,0,0,0,0,0,0,"-41,000",2019-06-28,,
2608,嘉里大榮        ,"51,000","153,000","-102,000",0,0,0,"124,000",0,"124,000",0,0,0,0,0,0,0,"22,000",2019-07-01,,
2608,嘉里大榮        ,"45,000","204,000","-159,000",0,0,0,"165,000",0,"165,000",0,0,0,0,0,0,0,"6,000",2019-07-02,,
2608,嘉里大榮        ,"34,000","58,000","-24,000",0,0,0,0,0,0,"-17,000",0,"17,000","-17,000",0,0,0,"-41,000",2019-07-03,,
2608,嘉里大榮        ,"56,000","133,000","-77,000",0,0,0,"82,000",0,"82,000","-1,000",0,"1,000","-1,000",0,0,0,"4,000",2019-07-04,,
2608,嘉里大榮        ,"87,000","150,000","-63,000",0,0,0,0,0,0,"1,000","1,000",0,"1,000",0,0,0,"-62,000",2019-07-05,,
2608,嘉里大榮        ,"35,000","75,000","-40,000",0,0,0,0,0,0,"-5,000",0,"5,000","-5,000",0,0,0,"-45,000",2019-07-08,,
2608,嘉里大榮        ,"32,000","84,000","-52,000",0,0,0,0,0,0,"-1,000",0,"1,000","-1,000",0,0,0,"-53,000",2019-07-09,,
2608,嘉里大榮        ,"36,000","130,000","-94,000",0,0,0,"82,000",0,"82,000","32,000","32,000",0,"32,000",0,0,0,"20,000",2019-07-10,,
2608,嘉里大榮        ,"55,000","182,000","-127,000",0,0,0,0,0,0,0,0,0,0,0,0,0,"-127,000",2019-07-11,,
2608,嘉里大榮        ,"39,000","125,000","-86,000",0,0,0,0,0,0,"-12,000",0,"12,000","-12,000",0,0,0,"-98,000",2019-07-12,,
2608,嘉里大榮        ,"25,000","16,000","9,000",0,0,0,0,0,0,"-18,000",0,"18,000","-18,000",0,0,0,"-9,000",2019-07-15,,
2608,嘉里大榮        ,"2,000","35,000","-33,000",0,0,0,0,"52,000","-52,000",0,0,0,0,0,0,0,"-85,000",2019-07-16,,
2608,嘉里大榮        ,"48,000","81,000","-33,000",0,0,0,0,0,0,"-1,000",0,"1,000","-1,000",0,0,0,"-34,000",2019-07-17,,
2608,嘉里大榮        ,"2,000","3,000","-1,000",0,0,0,0,0,0,0,0,0,0,0,0,0,"-1,000",2019-07-18,,
2608,嘉里大榮        ,"13,000","17,000","-4,000",0,0,0,0,0,0,0,0,0,0,0,0,0,"-4,000",2019-07-19,,
2608,嘉里大榮        ,"3,000","35,000","-32,000",0,0,0,0,0,0,0,0,0,0,0,0,0,"-32,000",2019-07-22,,
2608,嘉里大榮        ,"1,000","90,000","-89,000",0,0,0,0,0,0,"-2,000",0,"2,000","-2,000",0,0,0,"-91,000",2019-07-23,,
2608,嘉里大榮        ,"7,000","98,000","-91,000",0,0,0,0,0,0,"-36,000",0,"36,000","-36,000",0,0,0,"-127,000",2019-07-24,,
2608,嘉里大榮        ,"1,000","9,000","-8,000",0,0,0,0,0,0,0,0,0,0,0,0,0,"-8,000",2019-07-25,,
2608,嘉里大榮        ,"16,000","17,000","-1,000",0,0,0,0,0,0,"-3,000",0,"3,000","-3,000",0,0,0,"-4,000",2019-07-26,,
2608,嘉里大榮        ,"23,000","18,000","5,000",0,0,0,0,0,0,"-3,000",0,"3,000","-3,000",0,0,0,"2,000",2019-07-29,,
2608,嘉里大榮        ,"23,000","17,000","6,000",0,0,0,0,0,0,0,0,0,0,0,0,0,"6,000",2019-07-30,,
2608,嘉里大榮        ,0,"18,000","-18,000",0,0,0,0,0,0,"-29,000",0,"29,000","-29,000",0,0,0,"-47,000",2019-07-31,,
2608,嘉里大榮        ,"1,000","35,000","-34,000",0,0,0,0,0,0,0,0,0,0,0,0,0,"-34,000",2019-08-01,,
2608,嘉里大榮        ,"1,000","27,000","-26,000",0,0,0,0,0,0,0,0,0,0,0,0,0,"-26,000",2019-08-02,,
2608,嘉里大榮        ,0,"57,000","-57,000",0,0,0,0,0,0,0,0,0,0,0,0,0,"-57,000",2019-08-05,,
2608,嘉里大榮        ,"5,000","100,000","-95,000",0,0,0,0,0,0,"-3,000",0,"3,000","-3,000",0,0,0,"-98,000",2019-08-06,,
2608,嘉里大榮        ,"5,000","38,000","-33,000",0,0,0,0,0,0,"-24,000",0,"24,000","-24,000",0,0,0,"-57,000",2019-08-07,,
2608,嘉里大榮        ,"13,000","19,000","-6,000",0,0,0,"39,000",0,"39,000",55,55,0,55,0,0,0,"33,055",2019-08-08,,
2608,嘉里大榮        ,0,"22,000","-22,000",0,0,0,0,0,0,0,0,0,0,0,0,0,"-22,000",2019-08-12,,
2608,嘉里大榮        ,"26,000","17,000","9,000",0,0,0,0,0,0,-55,0,55,-55,0,0,0,"8,945",2019-08-13,,
2608,嘉里大榮        ,"15,000","12,000","3,000",0,0,0,"35,000",0,"35,000","-2,000",0,"2,000","-2,000",0,0,0,"36,000",2019-08-14,,
2608,嘉里大榮        ,"32,000","52,000","-20,000",0,0,0,0,0,0,0,0,0,0,0,0,0,"-20,000",2019-08-15,,
2608,嘉里大榮        ,"24,000","20,000","4,000",0,0,0,0,0,0,0,0,0,0,0,0,0,"4,000",2019-08-16,,
2608,嘉里大榮        ,"5,000","19,000","-14,000",0,0,0,0,0,0,0,0,0,0,0,0,0,"-14,000",2019-08-19,,
2608,嘉里大榮        ,"44,000","52,000","-8,000",0,0,0,0,0,0,0,0,0,0,0,0,0,"-8,000",2019-08-20,,
2608,嘉里大榮        ,"66,000","31,000","35,000",0,0,0,0,0,0,"-12,000",0,"12,000","-12,000",0,0,0,"23,000",2019-08-21,,
2608,嘉里大榮        ,"59,000","9,000","50,000",0,0,0,0,0,0,"-1,000",0,"1,000","-1,000",0,0,0,"49,000",2019-08-22,,
2608,嘉里大榮        ,"13,000","7,000","6,000",0,0,0,0,0,0,0,0,0,0,0,0,0,"6,000",2019-08-23,,
2608,嘉里大榮        ,"14,000","8,000","6,000",0,0,0,0,0,0,"18,000","18,000",0,"18,000",0,0,0,"24,000",2019-08-26,,
2608,嘉里大榮        ,"38,000","40,000","-2,000",0,0,0,0,0,0,"11,000","11,000",0,"11,000",0,0,0,"9,000",2019-08-27,,
2608,嘉里大榮        ,"50,000","12,000","38,000",0,0,0,"71,000",0,"71,000","5,000","10,000","5,000","5,000",0,0,0,"114,000",2019-08-28,,
2608,嘉里大榮        ,0,"12,000","-12,000",0,0,0,0,0,0,"24,000","24,000",0,"24,000",0,0,0,"12,000",2019-08-29,,
2608,嘉里大榮        ,"1,000","19,000","-18,000",0,0,0,0,0,0,"16,000","16,000",0,"16,000",0,0,0,"-2,000",2019-08-30,,
2608,嘉里大榮        ,"5,000","8,000","-3,000",0,0,0,0,0,0,0,0,0,0,0,0,0,"-3,000",2019-09-02,,
2608,嘉里大榮        ,"2,000","22,000","-20,000",0,0,0,0,0,0,0,0,0,0,0,0,0,"-20,000",2019-09-03,,
2608,嘉里大榮        ,"2,000","6,000","-4,000",0,0,0,0,0,0,"32,000","32,000",0,"32,000",0,0,0,"28,000",2019-09-04,,
2608,嘉里大榮        ,"2,000","14,000","-12,000",0,0,0,0,0,0,0,0,0,0,0,0,0,"-12,000",2019-09-05,,
2608,嘉里大榮        ,"9,000","3,000","6,000",0,0,0,0,0,0,0,0,0,0,0,0,0,"6,000",2019-09-06,,
2608,嘉里大榮        ,"2,000","4,000","-2,000",0,0,0,0,0,0,0,0,0,0,0,0,0,"-2,000",2019-09-09,,
2608,嘉里大榮        ,"7,000","10,000","-3,000",0,0,0,0,0,0,0,0,0,0,0,0,0,"-3,000",2019-09-10,,
2608,嘉里大榮        ,"27,000","31,000","-4,000",0,0,0,0,0,0,"-32,000",0,"32,000","-32,000",0,0,0,"-36,000",2019-09-11,,
2608,嘉里大榮        ,"66,000","35,000","31,000",0,0,0,0,0,0,"-2,000",0,"2,000","-2,000",0,0,0,"29,000",2019-09-12,,
2608,嘉里大榮        ,"38,000","20,000","18,000",0,0,0,0,0,0,0,0,0,0,0,0,0,"18,000",2019-09-16,,
2608,嘉里大榮        ,"19,000","33,000","-14,000",0,0,0,0,0,0,0,0,0,0,0,0,0,"-14,000",2019-09-17,,
2608,嘉里大榮        ,"113,000","13,000","100,000",0,0,0,0,0,0,"-39,000",0,"39,000","-39,000",0,0,0,"61,000",2019-09-18,,
2608,嘉里大榮        ,"2,000","2,000",0,0,0,0,0,0,0,"-8,000",0,"8,000","-8,000",0,0,0,"-8,000",2019-09-19,,
2608,嘉里大榮        ,"6,000","16,000","-10,000",0,0,0,0,0,0,0,0,0,0,0,0,0,"-10,000",2019-09-20,,
2608,嘉里大榮        ,"1,000","38,000","-37,000",0,0,0,0,0,0,0,0,0,0,0,0,0,"-37,000",2019-09-23,,
2608,嘉里大榮        ,"11,000","11,000",0,0,0,0,0,0,0,0,0,0,0,0,0,0,0,2019-09-24,,
2608,嘉里大榮        ,"3,000","19,000","-16,000",0,0,0,0,0,0,"-14,000",0,"14,000","-14,000",0,0,0,"-30,000",2019-09-25,,
2608,嘉里大榮        ,"17,000","53,000","-36,000",0,0,0,0,0,0,0,0,0,0,0,0,0,"-36,000",2019-09-26,,
2608,嘉里大榮        ,"24,000","77,000","-53,000",0,0,0,0,0,0,0,0,0,0,0,0,0,"-53,000",2019-09-27,,
2608,嘉里大榮        ,"21,000","25,000","-4,000",0,0,0,0,0,0,"-5,000",0,"5,000","-5,000",0,0,0,"-9,000",2019-10-01,,
2608,嘉里大榮        ,0,"21,000","-21,000",0,0,0,"43,000",0,"43,000",0,"2,000","2,000",0,0,0,0,"22,000",2019-10-02,,
2608,嘉里大榮        ,0,"8,000","-8,000",0,0,0,0,0,0,0,0,0,0,0,0,0,"-8,000",2019-10-03,,
2608,嘉里大榮        ,0,"45,000","-45,000",0,0,0,0,0,0,0,0,0,0,0,0,0,"-45,000",2019-10-04,,
2608,嘉里大榮        ,0,"10,000","-10,000",0,0,0,"14,000",0,"14,000",0,0,0,0,0,0,0,"4,000",2019-10-07,,
2608,嘉里大榮        ,"2,000","9,000","-7,000",0,0,0,0,0,0,0,0,0,0,0,0,0,"-7,000",2019-10-08,,
2608,嘉里大榮        ,0,"12,000","-12,000",0,0,0,0,0,0,"-23,000",0,"23,000","-23,000",0,0,0,"-35,000",2019-10-09,,
2608,嘉里大榮        ,"41,000","126,000","-85,000",0,0,0,0,0,0,"-2,000",0,"2,000","-2,000",0,0,0,"-87,000",2019-10-14,,
2608,嘉里大榮        ,"73,000","45,000","28,000",0,0,0,0,0,0,0,0,0,0,0,0,0,"28,000",2019-10-15,,
2608,嘉里大榮        ,"3,000","28,000","-25,000",0,0,0,0,0,0,"-16,000",0,"16,000","-16,000",0,0,0,"-41,000",2019-10-16,,
2608,嘉里大榮        ,"1,000","11,000","-10,000",0,0,0,0,0,0,"-10,000",0,"10,000","-10,000",0,0,0,"-20,000",2019-10-17,,
2608,嘉里大榮        ,"3,000","28,000","-25,000",0,0,0,0,0,0,"-16,000",0,"16,000","-16,000",0,0,0,"-41,000",2019-10-18,,
2608,嘉里大榮        ,"10,000","26,000","-16,000",0,0,0,0,0,0,"-1,000",0,"1,000","-1,000",0,0,0,"-17,000",2019-10-21,,
2608,嘉里大榮        ,"2,000","53,000","-51,000",0,0,0,0,"48,000","-48,000",0,0,0,0,0,0,0,"-99,000",2019-10-22,,
2608,嘉里大榮        ,"335,000","346,000","-11,000",0,0,0,0,0,0,"-22,000",0,"22,000","-22,000",0,0,0,"-33,000",2019-10-23,,
2608,嘉里大榮        ,"3,000","2,000","1,000",0,0,0,0,0,0,0,0,0,0,0,0,0,"1,000",2019-10-24,,
2608,嘉里大榮        ,"1,000","3,000","-2,000",0,0,0,0,0,0,0,0,0,0,0,0,0,"-2,000",2019-10-25,,
2608,嘉里大榮        ,"12,000","19,000","-7,000",0,0,0,0,0,0,0,0,0,0,0,0,0,"-7,000",2019-10-28,,
2608,嘉里大榮        ,"7,000","128,000","-121,000",0,0,0,0,0,0,0,0,0,0,0,0,0,"-121,000",2019-10-29,,
2608,嘉里大榮        ,"1,000","39,000","-38,000",0,0,0,0,0,0,"1,000","1,000",0,"1,000",0,0,0,"-37,000",2019-10-30,,
2608,嘉里大榮        ,0,"12,000","-12,000",0,0,0,0,0,0,0,0,0,0,0,0,0,"-12,000",2019-10-31,,
2608,嘉里大榮        ,"18,000","5,000","13,000",0,0,0,0,"30,000","-30,000",0,0,0,0,0,0,0,"-17,000",2019-11-01,,
2608,嘉里大榮        ,"89,000","20,000","69,000",0,0,0,0,0,0,0,0,0,0,0,0,0,"69,000",2019-11-04,,
2608,嘉里大榮        ,"20,000","15,000","5,000",0,0,0,0,0,0,0,0,0,0,0,0,0,"5,000",2019-11-05,,
2608,嘉里大榮        ,"3,000","19,000","-16,000",0,0,0,0,0,0,0,0,0,0,0,0,0,"-16,000",2019-11-06,,
2608,嘉里大榮        ,"28,000","4,000","24,000",0,0,0,0,0,0,0,0,0,0,0,0,0,"24,000",2019-11-07,,
2608,嘉里大榮        ,"25,000","7,000","18,000",0,0,0,0,0,0,0,0,0,0,0,0,0,"18,000",2019-11-08,,
2608,嘉里大榮        ,"15,000","10,000","5,000",0,0,0,0,0,0,0,0,0,0,0,0,0,"5,000",2019-11-11,,
2608,嘉里大榮        ,"1,000","6,000","-5,000",0,0,0,0,0,0,0,0,0,0,0,0,0,"-5,000",2019-11-12,,
2608,嘉里大榮        ,"15,000","8,000","7,000",0,0,0,0,0,0,"1,000","1,000",0,"1,000",0,0,0,"8,000",2019-11-13,,
2608,嘉里大榮        ,0,"10,000","-10,000",0,0,0,0,0,0,0,0,0,0,0,0,0,"-10,000",2019-11-14,,
2608,嘉里大榮        ,"70,000","38,000","32,000",0,0,0,0,0,0,0,0,0,0,0,0,0,"32,000",2019-11-15,,
2608,嘉里大榮        ,"14,000","6,000","8,000",0,0,0,0,0,0,"-11,000",0,"11,000","-11,000",0,0,0,"-3,000",2019-11-18,,
2608,嘉里大榮        ,"9,000","8,000","1,000",0,0,0,0,"7,000","-7,000",0,0,0,0,0,0,0,"-6,000",2019-11-19,,
2608,嘉里大榮        ,"29,000","10,000","19,000",0,0,0,0,0,0,"-28,000",0,"28,000","-28,000",0,0,0,"-9,000",2019-11-20,,
2608,嘉里大榮        ,"1,000","27,000","-26,000",0,0,0,0,"46,000","-46,000",0,0,0,0,0,0,0,"-72,000",2019-11-21,,
2608,嘉里大榮        ,"16,000","10,000","6,000",0,0,0,0,0,0,0,0,0,0,0,0,0,"6,000",2019-11-22,,
2608,嘉里大榮        ,0,"3,000","-3,000",0,0,0,0,0,0,0,0,0,0,0,0,0,"-3,000",2019-11-25,,
2608,嘉里大榮        ,"8,000","3,000","5,000",0,0,0,0,0,0,"-11,000",0,"11,000","-11,000",0,0,0,"-6,000",2019-11-26,,
2608,嘉里大榮        ,"21,000","5,000","16,000",0,0,0,0,0,0,"1,000","5,000","4,000","1,000",0,0,0,"17,000",2019-11-27,,
2608,嘉里大榮        ,"3,000","5,000","-2,000",0,0,0,0,"16,000","-16,000",0,0,0,0,0,0,0,"-18,000",2019-11-28,,
2608,嘉里大榮        ,0,"39,000","-39,000",0,0,0,0,"16,000","-16,000",0,0,0,0,0,0,0,"-55,000",2019-11-29,,
2608,嘉里大榮        ,"4,000","4,000",0,0,0,0,0,0,0,0,0,0,0,0,0,0,0,2019-12-02,,
2608,嘉里大榮        ,0,"6,000","-6,000",0,0,0,0,0,0,0,0,0,0,0,0,0,"-6,000",2019-12-03,,
2608,嘉里大榮        ,0,"6,000","-6,000",0,0,0,0,0,0,"-6,000",0,"6,000","-6,000",0,0,0,"-12,000",2019-12-04,,
2608,嘉里大榮        ,"32,000","35,000","-3,000",0,0,0,0,0,0,0,0,0,0,0,0,0,"-3,000",2019-12-05,,
2608,嘉里大榮        ,"5,000","9,000","-4,000",0,0,0,0,0,0,0,0,0,0,0,0,0,"-4,000",2019-12-06,,
2608,嘉里大榮        ,"47,000","41,000","6,000",0,0,0,0,0,0,0,0,0,0,0,0,0,"6,000",2019-12-09,,
2608,嘉里大榮        ,"55,000","67,000","-12,000",0,0,0,0,0,0,0,0,0,0,0,0,0,"-12,000",2019-12-10,,
2608,嘉里大榮        ,"96,000","138,000","-42,000",0,0,0,0,0,0,"-2,000",0,"2,000","-2,000",0,0,0,"-44,000",2019-12-11,,
2608,嘉里大榮        ,"55,000","35,000","20,000",0,0,0,0,0,0,"2,000","2,000",0,"2,000",0,0,0,"22,000",2019-12-12,,
2608,嘉里大榮        ,"30,000","20,000","10,000",0,0,0,0,"28,000","-28,000","1,000","1,000",0,"1,000",0,0,0,"-17,000",2019-12-13,,
2608,嘉里大榮        ,"73,000","61,000","12,000",0,0,0,0,0,0,0,0,0,0,0,0,0,"12,000",2019-12-16,,
2608,嘉里大榮        ,"86,000","26,000","60,000",0,0,0,0,"40,000","-40,000",0,0,0,0,0,0,0,"20,000",2019-12-17,,
2608,嘉里大榮        ,"159,000","15,000","144,000",0,0,0,0,"50,000","-50,000",0,0,0,0,0,0,0,"94,000",2019-12-18,,
2608,嘉里大榮        ,"63,000","29,000","34,000",0,0,0,0,"43,000","-43,000",0,0,0,0,0,0,0,"-9,000",2019-12-19,,
2608,嘉里大榮        ,"11,000","2,000","9,000",0,0,0,0,0,0,0,0,0,0,0,0,0,"9,000",2019-12-20,,
2608,嘉里大榮        ,"10,000","2,000","8,000",0,0,0,0,0,0,0,0,0,0,0,0,0,"8,000",2019-12-23,,
2608,嘉里大榮        ,"107,000","78,000","29,000",0,0,0,"9,000",0,"9,000","-8,000",0,"8,000","-8,000",0,0,0,"30,000",2019-12-24,,
2608,嘉里大榮        ,"6,000","14,000","-8,000",0,0,0,0,0,0,"17,000","17,000",0,"17,000",0,0,0,"9,000",2019-12-25,,
2608,嘉里大榮        ,"32,000","12,000","20,000",0,0,0,0,0,0,0,0,0,0,0,0,0,"20,000",2019-12-26,,
2608,嘉里大榮        ,"38,000","45,000","-7,000",0,0,0,0,0,0,"1,000","1,000",0,"1,000",0,0,0,"-6,000",2019-12-27,,
2608,嘉里大榮        ,"12,000","8,000","4,000",0,0,0,0,0,0,"1,000","1,000",0,"1,000",0,0,0,"5,000",2019-12-30,,
2608,嘉里大榮        ,"28,000","12,000","16,000",0,0,0,0,0,0,0,0,0,0,0,0,0,"16,000",2019-12-31,,
2608,嘉里大榮        ,"75,000","22,000","53,000",0,0,0,0,0,0,0,0,0,0,0,0,0,"53,000",2020-01-02,,
2608,嘉里大榮        ,"85,000","6,000","79,000",0,0,0,0,0,0,"-2,000",0,"2,000","-2,000",0,0,0,"77,000",2020-01-03,,
2608,嘉里大榮        ,"53,000","9,000","44,000",0,0,0,0,0,0,0,0,0,0,0,0,0,"44,000",2020-01-06,,
2608,嘉里大榮        ,"118,000","48,000","70,000",0,0,0,"16,000",0,"16,000",0,0,0,0,0,0,0,"86,000",2020-01-07,,
2608,嘉里大榮        ,"106,000","27,000","79,000",0,0,0,0,0,0,"23,000","25,000","2,000","23,000",0,0,0,"102,000",2020-01-08,,
2608,嘉里大榮        ,"22,000","11,000","11,000",0,0,0,"20,000",0,"20,000","1,000","1,000",0,"1,000",0,0,0,"32,000",2020-01-09,,
2608,嘉里大榮        ,"60,000","10,000","50,000",0,0,0,0,0,0,"1,000","1,000",0,"1,000",0,0,0,"51,000",2020-01-10,,
2608,嘉里大榮        ,"95,000","1,000","94,000",0,0,0,0,0,0,"10,000","10,000",0,"10,000",0,0,0,"104,000",2020-01-13,,
2608,嘉里大榮        ,"41,000","11,000","30,000",0,0,0,0,0,0,0,0,0,0,0,0,0,"30,000",2020-01-14,,
2608,嘉里大榮        ,"44,000","12,000","32,000",0,0,0,0,0,0,"-30,000",0,"30,000","-30,000",0,0,0,"2,000",2020-01-15,,
2608,嘉里大榮        ,"43,000","16,000","27,000",0,0,0,0,0,0,"-5,000",0,"5,000","-5,000",0,0,0,"22,000",2020-01-16,,
2608,嘉里大榮        ,"42,000","16,000","26,000",0,0,0,0,0,0,"-1,000",0,"1,000","-1,000",0,0,0,"25,000",2020-01-17,,
2608,嘉里大榮        ,"51,000","1,000","50,000",0,0,0,0,0,0,0,0,0,0,0,0,0,"50,000",2020-01-20,,
2608,嘉里大榮        ,"170,000","36,000","134,000",0,0,0,0,0,0,"-3,000","2,000","5,000","-3,000",0,0,0,"131,000",2020-01-30,,
2608,嘉里大榮        ,"86,000","24,000","62,000",0,0,0,"6,000",0,"6,000","-2,000",0,"2,000","-2,000",0,0,0,"66,000",2020-01-31,,
2608,嘉里大榮        ,"216,000","19,000","197,000",0,0,0,0,0,0,"6,000","6,000",0,"6,000",0,0,0,"203,000",2020-02-03,,
2608,嘉里大榮        ,"87,000","49,000","38,000",0,0,0,0,0,0,"-4,000",0,"4,000","-4,000",0,0,0,"34,000",2020-02-04,,
2608,嘉里大榮        ,"58,000","62,000","-4,000",0,0,0,"9,000",0,"9,000","-14,000",0,"14,000","-14,000",0,0,0,"-9,000",2020-02-05,,
2608,嘉里大榮        ,"191,000","10,000","181,000",0,0,0,0,0,0,"13,000","13,000",0,"13,000",0,0,0,"194,000",2020-02-06,,
2608,嘉里大榮        ,"77,000","83,000","-6,000",0,0,0,0,0,0,0,0,0,0,0,0,0,"-6,000",2020-02-07,,
2608,嘉里大榮        ,"110,000","24,000","86,000",0,0,0,0,0,0,0,0,0,0,0,0,0,"86,000",2020-02-10,,
2608,嘉里大榮        ,"33,000","10,000","23,000",0,0,0,0,0,0,0,0,0,0,0,0,0,"23,000",2020-02-11,,
2608,嘉里大榮        ,"60,000","54,000","6,000",0,0,0,0,0,0,"27,000","27,000",0,"27,000",0,0,0,"33,000",2020-02-12,,
2608,嘉里大榮        ,"90,000","34,000","56,000",0,0,0,0,0,0,0,0,0,0,0,0,0,"56,000",2020-02-13,,
2608,嘉里大榮        ,"53,000","11,000","42,000",0,0,0,0,0,0,0,0,0,0,0,0,0,"42,000",2020-02-14,,
2608,嘉里大榮        ,"140,000","20,000","120,000",0,0,0,0,0,0,0,0,0,0,0,0,0,"120,000",2020-02-17,,
2608,嘉里大榮        ,"219,000","31,000","188,000",0,0,0,0,0,0,"13,000","13,000",0,"13,000",0,0,0,"201,000",2020-02-18,,
2608,嘉里大榮        ,"206,000","33,000","173,000",0,0,0,0,0,0,0,0,0,0,0,0,0,"173,000",2020-02-19,,
2608,嘉里大榮        ,"67,000","33,268","33,732",0,0,0,0,0,0,0,0,0,0,0,0,0,"33,732",2020-02-20,,
2608,嘉里大榮        ,"74,000","61,000","13,000",0,0,0,0,0,0,0,0,0,0,0,0,0,"13,000",2020-02-21,,
2608,嘉里大榮        ,"74,000","33,000","41,000",0,0,0,0,0,0,"-2,000",0,"2,000","-2,000",0,0,0,"39,000",2020-02-24,,
2608,嘉里大榮        ,"83,000","11,000","72,000",0,0,0,0,0,0,"-25,000","3,000","28,000","-25,000",0,0,0,"47,000",2020-02-25,,
2608,嘉里大榮        ,"47,000","4,000","43,000",0,0,0,"8,000",0,"8,000","1,000","1,000",0,"1,000",0,0,0,"52,000",2020-02-26,,
2608,嘉里大榮        ,"38,000","39,000","-1,000",0,0,0,"8,000",0,"8,000","-15,000",0,"15,000","-15,000",0,0,0,"-8,000",2020-02-27,,
2608,嘉里大榮        ,"178,000","125,000","53,000",0,0,0,0,0,0,"7,000","7,000",0,"7,000",0,0,0,"60,000",2020-03-02,,
2608,嘉里大榮        ,"46,000","125,000","-79,000",0,0,0,0,0,0,0,0,0,0,0,0,0,"-79,000",2020-03-03,,
2608,嘉里大榮        ,"19,000","123,000","-104,000",0,0,0,0,0,0,"21,000","27,000","6,000","21,000",0,0,0,"-83,000",2020-03-04,,
2608,嘉里大榮        ,"10,000","68,000","-58,000",0,0,0,0,0,0,"-1,000",0,"1,000","-1,000",0,0,0,"-59,000",2020-03-05,,
2608,嘉里大榮        ,"7,000","111,000","-104,000",0,0,0,0,0,0,"-9,000","15,000","24,000","-9,000",0,0,0,"-113,000",2020-03-06,,
2608,嘉里大榮        ,"37,000","195,000","-158,000",0,0,0,0,0,0,"-26,000","1,000","27,000","-26,000",0,0,0,"-184,000",2020-03-09,,
2608,嘉里大榮        ,"161,000","215,000","-54,000",0,0,0,"8,000",0,"8,000","-48,000","6,000","54,000","-48,000",0,0,0,"-94,000",2020-03-10,,
2608,嘉里大榮        ,"21,000","100,000","-79,000",0,0,0,0,0,0,"-31,000","28,000","59,000","-31,000",0,0,0,"-110,000",2020-03-11,,
2608,嘉里大榮        ,"68,000","80,000","-12,000",0,0,0,0,0,0,"-8,000",0,"8,000","-8,000",0,0,0,"-20,000",2020-03-12,,
2608,嘉里大榮        ,"112,000","194,000","-82,000",0,0,0,0,0,0,"6,000","12,000","6,000","6,000",0,0,0,"-76,000",2020-03-13,,
2608,嘉里大榮        ,"36,000","204,000","-168,000",0,0,0,0,0,0,"-41,000",0,"41,000","-41,000",0,0,0,"-209,000",2020-03-16,,
2608,嘉里大榮        ,"31,000","129,000","-98,000",0,0,0,0,0,0,"1,000","1,000",0,"1,000",0,0,0,"-97,000",2020-03-17,,
2608,嘉里大榮        ,"46,000","231,000","-185,000",0,0,0,0,0,0,"-12,000",0,"12,000","-12,000",0,0,0,"-197,000",2020-03-18,,
2608,嘉里大榮        ,"14,000","224,000","-210,000",0,0,0,0,0,0,"-6,000","1,000","7,000","-6,000",0,0,0,"-216,000",2020-03-19,,
2608,嘉里大榮        ,"23,000","122,000","-99,000",0,0,0,0,0,0,"-17,000",0,"17,000","-17,000",0,0,0,"-116,000",2020-03-20,,
2608,嘉里大榮        ,"59,000","117,000","-58,000",0,0,0,0,0,0,"-2,000",0,"2,000","-2,000",0,0,0,"-60,000",2020-03-23,,
2608,嘉里大榮        ,"68,000","89,000","-21,000",0,0,0,0,0,0,0,0,0,0,0,0,0,"-21,000",2020-03-24,,
2608,嘉里大榮        ,"53,000","82,000","-29,000",0,0,0,0,0,0,0,0,0,0,0,0,0,"-29,000",2020-03-25,,
2608,嘉里大榮        ,"75,000","96,000","-21,000",0,0,0,"12,749",0,"12,749","-8,000",0,"8,000","-8,000",0,0,0,"-16,251",2020-03-26,,
2608,嘉里大榮        ,"21,000","24,000","-3,000",0,0,0,0,0,0,"-9,000",0,"9,000","-9,000",0,0,0,"-12,000",2020-03-27,,
2608,嘉里大榮        ,"83,000","43,000","40,000",0,0,0,0,0,0,"-1,000",0,"1,000","-1,000",0,0,0,"39,000",2020-03-30,,
2608,嘉里大榮        ,"3,000","40,000","-37,000",0,0,0,0,0,0,"-20,000",0,"20,000","-20,000",0,0,0,"-57,000",2020-03-31,,
2608,嘉里大榮        ,"37,000","39,000","-2,000",0,0,0,0,0,0,"-2,000",0,"2,000","-2,000",0,0,0,"-4,000",2020-04-01,,
2608,嘉里大榮        ,"180,000","94,000","86,000",0,0,0,0,0,0,"-4,000",0,"4,000","-4,000",0,0,0,"82,000",2020-04-06,,
2608,嘉里大榮        ,"40,000","65,000","-25,000",0,0,0,0,0,0,"15,000","15,000",0,"15,000",0,0,0,"-10,000",2020-04-07,,
2608,嘉里大榮        ,"26,000","64,299","-38,299",0,0,0,"9,000",0,"9,000","-17,000","5,000","22,000","-17,000",0,0,0,"-46,299",2020-04-08,,
2608,嘉里大榮        ,"19,000","41,000","-22,000",0,0,0,"6,000",0,"6,000",0,0,0,0,0,0,0,"-16,000",2020-04-09,,
2608,嘉里大榮        ,"15,000","36,000","-21,000",0,0,0,0,0,0,"-2,000","2,000","4,000","-2,000",0,0,0,"-23,000",2020-04-10,,
2608,嘉里大榮        ,"36,000","58,000","-22,000",0,0,0,0,"6,469","-6,469","-43,000",0,"43,000","-43,000",0,0,0,"-71,469",2020-04-13,,
2608,嘉里大榮        ,"73,000","52,000","21,000",0,0,0,"85,000",0,"85,000",0,0,0,0,0,0,0,"106,000",2020-04-14,,
2608,嘉里大榮        ,"84,000","63,000","21,000",0,0,0,0,0,0,"13,000","13,000",0,"13,000",0,0,0,"34,000",2020-04-15,,
2608,嘉里大榮        ,"55,000","109,000","-54,000",0,0,0,0,0,0,"-2,000",0,"2,000","-2,000",0,0,0,"-56,000",2020-04-16,,
2608,嘉里大榮        ,"176,000","92,000","84,000",0,0,0,0,0,0,0,0,0,0,0,0,0,"84,000",2020-04-17,,
2608,嘉里大榮        ,"20,000","19,000","1,000",0,0,0,0,0,0,0,0,0,0,0,0,0,"1,000",2020-04-20,,
2608,嘉里大榮        ,"80,000","117,000","-37,000",0,0,0,0,0,0,"-16,000",0,"16,000","-16,000",0,0,0,"-53,000",2020-04-21,,
2608,嘉里大榮        ,"99,000","19,000","80,000",0,0,0,0,0,0,0,0,0,0,0,0,0,"80,000",2020-04-22,,
2608,嘉里大榮        ,"26,000","49,000","-23,000",0,0,0,0,0,0,"-12,000",0,"12,000","-12,000",0,0,0,"-35,000",2020-04-23,,
2608,嘉里大榮        ,"63,000","51,000","12,000",0,0,0,0,0,0,"-1,000",0,"1,000","-1,000",0,0,0,"11,000",2020-04-24,,
2608,嘉里大榮        ,"162,000","59,000","103,000",0,0,0,0,0,0,0,0,0,0,0,0,0,"103,000",2020-04-27,,
2608,嘉里大榮        ,"82,000","59,894","22,106",0,0,0,0,0,0,0,0,0,0,0,0,0,"22,106",2020-04-28,,
2608,嘉里大榮        ,"392,000","8,000","384,000",0,0,0,0,0,0,"-41,000",0,"41,000","-41,000",0,0,0,"343,000",2020-04-29,,
2608,嘉里大榮        ,"226,000","11,000","215,000",0,0,0,0,0,0,"-1,000",0,"1,000","-1,000",0,0,0,"214,000",2020-04-30,,
2608,嘉里大榮        ,"103,000","150,000","-47,000",0,0,0,0,0,0,0,0,0,0,0,0,0,"-47,000",2020-05-04,,
2608,嘉里大榮        ,"77,000","40,000","37,000",0,0,0,0,0,0,0,0,0,0,0,0,0,"37,000",2020-05-05,,
2608,嘉里大榮        ,"62,000","32,000","30,000",0,0,0,0,0,0,"-18,000",0,"18,000","-18,000",0,0,0,"12,000",2020-05-06,,
2608,嘉里大榮        ,"165,000","36,000","129,000",0,0,0,0,"2,000","-2,000","-2,000",0,"2,000","-2,000",0,0,0,"125,000",2020-05-07,,
2608,嘉里大榮        ,"138,000","75,000","63,000",0,0,0,0,0,0,"28,000","28,000",0,"28,000",0,0,0,"91,000",2020-05-08,,
2608,嘉里大榮        ,"142,000","66,000","76,000",0,0,0,0,0,0,"2,000","2,000",0,"2,000",0,0,0,"78,000",2020-05-11,,
2608,嘉里大榮        ,"154,000","154,000",0,0,0,0,0,0,0,"10,000","10,000",0,"10,000",0,0,0,"10,000",2020-05-12,,
2608,嘉里大榮        ,"66,000","142,000","-76,000",0,0,0,0,0,0,0,0,0,0,0,0,0,"-76,000",2020-05-13,,
2608,嘉里大榮        ,"161,000","62,000","99,000",0,0,0,0,0,0,0,0,0,0,0,0,0,"99,000",2020-05-14,,
2608,嘉里大榮        ,"141,000","200,000","-59,000",0,0,0,0,0,0,"-4,000",0,"4,000","-4,000",0,0,0,"-63,000",2020-05-15,,
2608,嘉里大榮        ,"532,000","38,000","494,000",0,0,0,0,0,0,"-10,000","2,000","12,000","-10,000",0,0,0,"484,000",2020-05-18,,
2608,嘉里大榮        ,"425,000","119,000","306,000",0,0,0,0,0,0,"-24,000","4,000","28,000","-24,000",0,0,0,"282,000",2020-05-19,,
2608,嘉里大榮        ,"257,000","69,000","188,000",0,0,0,0,0,0,"16,000","25,000","9,000","16,000",0,0,0,"204,000",2020-05-20,,
2608,嘉里大榮        ,"217,000","122,000","95,000",0,0,0,0,0,0,"16,000","16,000",0,"16,000",0,0,0,"111,000",2020-05-21,,
2608,嘉里大榮        ,"157,000","153,000","4,000",0,0,0,0,0,0,"9,000","9,000",0,"9,000",0,0,0,"13,000",2020-05-22,,
2608,嘉里大榮        ,"106,000","56,000","50,000",0,0,0,0,0,0,"2,000","2,000",0,"2,000",0,0,0,"52,000",2020-05-25,,
2608,嘉里大榮        ,"109,000","72,000","37,000",0,0,0,0,0,0,0,0,0,0,0,0,0,"37,000",2020-05-26,,
2608,嘉里大榮        ,"81,000","60,000","21,000",0,0,0,0,0,0,"10,000","10,000",0,"10,000",0,0,0,"31,000",2020-05-27,,
2608,嘉里大榮        ,"72,000","101,000","-29,000",0,0,0,0,0,0,0,0,0,0,0,0,0,"-29,000",2020-05-28,,
2608,嘉里大榮        ,"74,000","22,000","52,000",0,0,0,0,0,0,0,0,0,0,0,0,0,"52,000",2020-05-29,,
2608,嘉里大榮        ,"146,000","68,000","78,000",0,0,0,0,0,0,"12,000","12,000",0,"12,000",0,0,0,"90,000",2020-06-01,,
2608,嘉里大榮        ,"72,000","34,000","38,000",0,0,0,"4,000",0,"4,000",0,0,0,0,0,0,0,"42,000",2020-06-02,,
2608,嘉里大榮        ,"357,000","54,000","303,000",0,0,0,0,0,0,"83,000","83,000",0,"83,000",0,0,0,"386,000",2020-06-03,,
2608,嘉里大榮        ,"110,000","47,000","63,000",0,0,0,0,0,0,"-9,000",0,"9,000","-9,000",0,0,0,"54,000",2020-06-04,,
2608,嘉里大榮        ,"70,000","21,000","49,000",0,0,0,0,0,0,0,0,0,0,0,0,0,"49,000",2020-06-05,,
2608,嘉里大榮        ,"162,000","54,000","108,000",0,0,0,0,0,0,"2,000","2,000",0,"2,000",0,0,0,"110,000",2020-06-08,,
2608,嘉里大榮        ,"192,000","15,000","177,000",0,0,0,0,0,0,0,0,0,0,0,0,0,"177,000",2020-06-09,,
2608,嘉里大榮        ,"231,000","29,000","202,000",0,0,0,0,0,0,0,0,0,0,0,0,0,"202,000",2020-06-10,,
2608,嘉里大榮        ,"242,000","91,000","151,000",0,0,0,0,0,0,"-1,000",0,"1,000","-1,000",0,0,0,"150,000",2020-06-11,,
2608,嘉里大榮        ,"109,000","19,000","90,000",0,0,0,0,0,0,"-1,000",0,"1,000","-1,000",0,0,0,"89,000",2020-06-12,,
2608,嘉里大榮        ,"83,000","86,000","-3,000",0,0,0,0,0,0,"-12,000",0,"12,000","-12,000",0,0,0,"-15,000",2020-06-15,,
2608,嘉里大榮        ,"94,000","35,000","59,000",0,0,0,0,"32,000","-32,000","-10,000",0,"10,000","-10,000",0,0,0,"17,000",2020-06-16,,
2608,嘉里大榮        ,"118,000","11,000","107,000",0,0,0,0,"63,000","-63,000","-41,000",0,"41,000","-41,000",0,0,0,"3,000",2020-06-17,,
2608,嘉里大榮        ,"102,000","16,000","86,000",0,0,0,0,"50,000","-50,000",0,0,0,0,0,0,0,"36,000",2020-06-18,,
2608,嘉里大榮        ,"38,000","24,000","14,000",0,0,0,0,0,0,0,0,0,0,0,0,0,"14,000",2020-06-19,,
2608,嘉里大榮        ,"31,000","19,000","12,000",0,0,0,0,0,0,"-4,000","1,000","5,000","-4,000",0,0,0,"8,000",2020-06-22,,
2608,嘉里大榮        ,"59,000","34,000","25,000",0,0,0,0,0,0,0,0,0,0,0,0,0,"25,000",2020-06-23,,
2608,嘉里大榮        ,"51,000","24,000","27,000",0,0,0,0,0,0,"-3,000",0,"3,000","-3,000",0,0,0,"24,000",2020-06-24,,
2608,嘉里大榮        ,"41,000","47,000","-6,000",0,0,0,0,0,0,"-2,000",0,"2,000","-2,000",0,0,0,"-8,000",2020-06-29,,
2608,嘉里大榮        ,"42,000","29,000","13,000",0,0,0,0,0,0,0,0,0,0,0,0,0,"13,000",2020-06-30,,
2608,嘉里大榮        ,"46,000","80,000","-34,000",0,0,0,0,0,0,"-6,000",0,"6,000","-6,000",0,0,0,"-40,000",2020-07-01,,
2608,嘉里大榮        ,"35,000","4,000","31,000",0,0,0,"19,000",0,"19,000",0,0,0,0,0,0,0,"50,000",2020-07-02,,
2608,嘉里大榮        ,"73,000","12,000","61,000",0,0,0,0,0,0,"-1,000",0,"1,000","-1,000",0,0,0,"60,000",2020-07-03,,
2608,嘉里大榮        ,"209,000","7,000","202,000",0,0,0,0,0,0,"7,000","7,000",0,"7,000",0,0,0,"209,000",2020-07-06,,
2608,嘉里大榮        ,"113,000","15,000","98,000",0,0,0,0,0,0,"2,000","2,000",0,"2,000",0,0,0,"100,000",2020-07-07,,
2608,嘉里大榮        ,"106,000","8,000","98,000",0,0,0,0,"19,000","-19,000","18,000","20,000","2,000","18,000",0,0,0,"97,000",2020-07-08,,
2608,嘉里大榮        ,"64,000","29,000","35,000",0,0,0,0,0,0,"-21,000",0,"21,000","-21,000",0,0,0,"14,000",2020-07-09,,
2608,嘉里大榮        ,"64,000","39,000","25,000",0,0,0,0,"9,000","-9,000",0,0,0,0,0,0,0,"16,000",2020-07-10,,
2608,嘉里大榮        ,"98,000","20,000","78,000",0,0,0,0,0,0,"1,000","1,000",0,"1,000",0,0,0,"79,000",2020-07-13,,
2608,嘉里大榮        ,"132,000","19,000","113,000",0,0,0,0,0,0,0,0,0,0,0,0,0,"113,000",2020-07-14,,
2608,嘉里大榮        ,"403,000","52,000","351,000",0,0,0,0,0,0,0,0,0,0,0,0,0,"351,000",2020-07-15,,
2608,嘉里大榮        ,"283,000","44,000","239,000",0,0,0,0,0,0,"-10,000",0,"10,000","-10,000",0,0,0,"229,000",2020-07-16,,
2608,嘉里大榮        ,"83,000","49,000","34,000",0,0,0,0,0,0,"-1,000",0,"1,000","-1,000",0,0,0,"33,000",2020-07-17,,
2608,嘉里大榮        ,"245,000","61,000","184,000",0,0,0,0,0,0,0,0,0,0,0,0,0,"184,000",2020-07-20,,
2608,嘉里大榮        ,"461,000","29,000","432,000",0,0,0,0,0,0,"2,000","2,000",0,"2,000",0,0,0,"434,000",2020-07-21,,
2608,嘉里大榮        ,"329,000","74,000","255,000",0,0,0,0,0,0,"-1,000","2,000","3,000","-1,000",0,0,0,"254,000",2020-07-22,,
2608,嘉里大榮        ,"1,000","30,000","-29,000",0,0,0,0,0,0,0,0,0,0,0,0,0,"-29,000",2020-07-23,,
2608,嘉里大榮        ,"37,000","102,000","-65,000",0,0,0,0,"81,000","-81,000","-4,000","4,000","8,000","-4,000",0,0,0,"-150,000",2020-07-24,,
2608,嘉里大榮        ,"62,000","82,000","-20,000",0,0,0,0,0,0,"-1,000",0,"1,000","-1,000",0,0,0,"-21,000",2020-07-27,,
2608,嘉里大榮        ,"9,000","129,000","-120,000",0,0,0,0,0,0,"-11,000",0,"11,000","-11,000",0,0,0,"-131,000",2020-07-28,,
2608,嘉里大榮        ,"27,000","34,000","-7,000",0,0,0,0,0,0,"-75,000","2,000","77,000","-75,000",0,0,0,"-82,000",2020-07-29,,
2608,嘉里大榮        ,"5,000","59,000","-54,000",0,0,0,0,0,0,0,0,0,0,0,0,0,"-54,000",2020-07-30,,
2608,嘉里大榮        ,"1,000","10,000","-9,000",0,0,0,0,0,0,0,0,0,0,0,0,0,"-9,000",2020-07-31,,
2608,嘉里大榮        ,"8,000","155,000","-147,000",0,0,0,0,0,0,"-1,000","1,000",0,"1,000",0,"2,000","-2,000","-148,000",2020-08-03,,
2608,嘉里大榮        ,"6,000","17,000","-11,000",0,0,0,0,0,0,"-5,000",0,0,0,0,"5,000","-5,000","-16,000",2020-08-04,,
2608,嘉里大榮        ,"3,000","36,000","-33,000",0,0,0,0,0,0,"-9,000",0,"9,000","-9,000",0,0,0,"-42,000",2020-08-05,,
2608,嘉里大榮        ,"32,000","68,000","-36,000",0,0,0,0,0,0,"3,000","13,000","10,000","3,000",0,0,0,"-33,000",2020-08-06,,
2608,嘉里大榮        ,"51,000","80,000","-29,000",0,0,0,0,0,0,"-5,000",0,"5,000","-5,000",0,0,0,"-34,000",2020-08-07,,
2608,嘉里大榮        ,"42,000","14,000","28,000",0,0,0,"17,000",0,"17,000","-18,000","2,000","20,000","-18,000",0,0,0,"27,000",2020-08-10,,
2608,嘉里大榮        ,"20,000","12,000","8,000",0,0,0,0,0,0,"-1,000",0,"1,000","-1,000",0,0,0,"7,000",2020-08-11,,
2608,嘉里大榮        ,"22,000","35,000","-13,000",0,0,0,0,0,0,"-18,000",0,"18,000","-18,000",0,0,0,"-31,000",2020-08-12,,
2608,嘉里大榮        ,"14,000","14,000",0,0,0,0,0,0,0,0,0,0,0,0,0,0,0,2020-08-13,,
2608,嘉里大榮        ,"31,000","24,000","7,000",0,0,0,0,0,0,0,0,0,0,0,0,0,"7,000",2020-08-14,,
2608,嘉里大榮        ,"45,000","9,000","36,000",0,0,0,0,0,0,"13,000","13,000",0,"13,000",0,0,0,"49,000",2020-08-17,,
2608,嘉里大榮        ,"61,000","19,000","42,000",0,0,0,0,0,0,0,0,0,0,0,0,0,"42,000",2020-08-18,,
2608,嘉里大榮        ,"141,000","25,000","116,000",0,0,0,0,0,0,"-2,000",0,"2,000","-2,000",0,0,0,"114,000",2020-08-19,,
2608,嘉里大榮        ,"136,000","107,000","29,000",0,0,0,0,0,0,"-7,000",0,"7,000","-7,000",0,0,0,"22,000",2020-08-20,,
2608,嘉里大榮        ,"80,000","35,000","45,000",0,0,0,0,0,0,"-13,000",0,"13,000","-13,000",0,0,0,"32,000",2020-08-21,,
2608,嘉里大榮        ,"29,000","18,000","11,000",0,0,0,0,"6,280","-6,280",0,0,0,0,0,0,0,"4,720",2020-08-24,,
2608,嘉里大榮        ,"99,000","3,000","96,000",0,0,0,0,0,0,0,0,0,0,0,0,0,"96,000",2020-08-25,,
2608,嘉里大榮        ,"48,000","6,000","42,000",0,0,0,"52,000",0,"52,000",0,0,0,0,0,0,0,"94,000",2020-08-26,,
2608,嘉里大榮        ,"92,000","19,000","73,000",0,0,0,0,0,0,"-4,000",0,"4,000","-4,000",0,0,0,"69,000",2020-08-27,,
2608,嘉里大榮        ,"53,000","6,000","47,000",0,0,0,0,0,0,0,0,0,0,0,0,0,"47,000",2020-08-28,,
2608,嘉里大榮        ,"71,000","3,000","68,000",0,0,0,0,0,0,0,0,0,0,0,0,0,"68,000",2020-08-31,,
2608,嘉里大榮        ,"53,000","41,576","11,424",0,0,0,0,0,0,0,0,0,0,0,0,0,"11,424",2020-09-01,,
2608,嘉里大榮        ,"20,000","13,000","7,000",0,0,0,0,0,0,"-4,000",0,"4,000","-4,000",0,0,0,"3,000",2020-09-02,,
2608,嘉里大榮        ,"49,000","13,000","36,000",0,0,0,0,"9,000","-9,000","1,000","1,000",0,"1,000",0,0,0,"28,000",2020-09-03,,
2608,嘉里大榮        ,"37,000","15,000","22,000",0,0,0,0,0,0,0,0,0,0,0,0,0,"22,000",2020-09-04,,
2608,嘉里大榮        ,"34,000","2,000","32,000",0,0,0,0,0,0,"-16,000",0,"16,000","-16,000",0,0,0,"16,000",2020-09-07,,
2608,嘉里大榮        ,"29,000","11,000","18,000",0,0,0,"17,000",0,"17,000",0,0,0,0,0,0,0,"35,000",2020-09-08,,
2608,嘉里大榮        ,"5,000","23,000","-18,000",0,0,0,0,0,0,"-6,000",0,"6,000","-6,000",0,0,0,"-24,000",2020-09-09,,
2608,嘉里大榮        ,"27,000","5,000","22,000",0,0,0,0,0,0,0,0,0,0,0,0,0,"22,000",2020-09-10,,
2608,嘉里大榮        ,"68,000","14,000","54,000",0,0,0,0,0,0,0,0,0,0,0,0,0,"54,000",2020-09-11,,
2608,嘉里大榮        ,"63,000","9,000","54,000",0,0,0,0,0,0,"1,000","1,000",0,"1,000",0,0,0,"55,000",2020-09-14,,
2608,嘉里大榮        ,"35,000","21,000","14,000",0,0,0,0,0,0,0,0,0,0,0,0,0,"14,000",2020-09-15,,
2608,嘉里大榮        ,"280,000","97,000","183,000",0,0,0,0,0,0,"-4,000",0,"4,000","-4,000",0,0,0,"179,000",2020-09-16,,
2608,嘉里大榮        ,"56,000","41,000","15,000",0,0,0,0,0,0,"-2,000",0,"2,000","-2,000",0,0,0,"13,000",2020-09-17,,
2608,嘉里大榮        ,"146,000","47,000","99,000",0,0,0,0,0,0,"-2,000",0,"2,000","-2,000",0,0,0,"97,000",2020-09-18,,
2608,嘉里大榮        ,"145,000","60,000","85,000",0,0,0,0,0,0,0,0,0,0,0,0,0,"85,000",2020-09-21,,
2608,嘉里大榮        ,"50,000","73,000","-23,000",0,0,0,0,0,0,0,0,0,0,0,0,0,"-23,000",2020-09-22,,
2608,嘉里大榮        ,"11,000","120,000","-109,000",0,0,0,0,0,0,"-38,000",0,"38,000","-38,000",0,0,0,"-147,000",2020-09-23,,
2608,嘉里大榮        ,"19,000","269,000","-250,000",0,0,0,0,0,0,"-1,000",0,0,0,0,"1,000","-1,000","-251,000",2020-09-24,,
2608,嘉里大榮        ,"85,000","155,000","-70,000",0,0,0,0,0,0,0,0,0,0,0,0,0,"-70,000",2020-09-25,,
2608,嘉里大榮        ,"49,000","105,000","-56,000",0,0,0,0,0,0,0,0,0,0,0,0,0,"-56,000",2020-09-28,,
2608,嘉里大榮        ,"17,000","98,000","-81,000",0,0,0,0,0,0,0,0,0,0,0,0,0,"-81,000",2020-09-29,,
2608,嘉里大榮        ,"8,000","123,000","-115,000",0,0,0,0,0,0,0,0,0,0,0,0,0,"-115,000",2020-09-30,,
2608,嘉里大榮        ,"41,000","80,000","-39,000",0,0,0,0,0,0,0,0,0,0,0,0,0,"-39,000",2020-10-05,,
2608,嘉里大榮        ,"51,000","74,000","-23,000",0,0,0,0,0,0,"-2,000",0,"2,000","-2,000",0,0,0,"-25,000",2020-10-06,,
2608,嘉里大榮        ,"54,000","61,000","-7,000",0,0,0,0,0,0,"3,000","4,000","1,000","3,000",0,0,0,"-4,000",2020-10-07,,
2608,嘉里大榮        ,"31,000","45,000","-14,000",0,0,0,0,0,0,0,0,0,0,0,0,0,"-14,000",2020-10-08,,
2608,嘉里大榮        ,"8,000","11,000","-3,000",0,0,0,0,0,0,0,0,0,0,0,0,0,"-3,000",2020-10-12,,
2608,嘉里大榮        ,"34,000","73,000","-39,000",0,0,0,0,0,0,"-3,000",0,"3,000","-3,000",0,0,0,"-42,000",2020-10-13,,
2608,嘉里大榮        ,"9,000","10,000","-1,000",0,0,0,0,0,0,"-15,000",0,"15,000","-15,000",0,0,0,"-16,000",2020-10-14,,
2608,嘉里大榮        ,"29,000","41,000","-12,000",0,0,0,0,0,0,"-3,000",0,"3,000","-3,000",0,0,0,"-15,000",2020-10-15,,
2608,嘉里大榮        ,"66,000","16,000","50,000",0,0,0,0,0,0,"-2,000",0,"2,000","-2,000",0,0,0,"48,000",2020-10-16,,
2608,嘉里大榮        ,"107,000","22,000","85,000",0,0,0,0,0,0,0,0,0,0,0,0,0,"85,000",2020-10-19,,
2608,嘉里大榮        ,"3,000","1,000","2,000",0,0,0,0,0,0,"-1,000",0,"1,000","-1,000",0,0,0,"1,000",2020-10-20,,
2608,嘉里大榮        ,"27,000","22,000","5,000",0,0,0,0,0,0,"-48,000",0,"48,000","-48,000",0,0,0,"-43,000",2020-10-21,,
2608,嘉里大榮        ,"12,000",0,"12,000",0,0,0,0,0,0,0,0,0,0,0,0,0,"12,000",2020-10-22,,
2608,嘉里大榮        ,"49,000","13,000","36,000",0,0,0,0,0,0,"-8,000",0,"8,000","-8,000",0,0,0,"28,000",2020-10-23,,
2608,嘉里大榮        ,"69,000","48,000","21,000",0,0,0,0,0,0,0,0,0,0,0,0,0,"21,000",2020-10-26,,
2608,嘉里大榮        ,"50,000","9,000","41,000",0,0,0,0,0,0,0,0,0,0,0,0,0,"41,000",2020-10-27,,
2608,嘉里大榮        ,"18,000","4,000","14,000",0,0,0,0,0,0,"-39,000","1,000","40,000","-39,000",0,0,0,"-25,000",2020-10-28,,
2608,嘉里大榮        ,"7,000","19,000","-12,000",0,0,0,0,0,0,"-1,000",0,"1,000","-1,000",0,0,0,"-13,000",2020-10-29,,
2608,嘉里大榮        ,"14,000","81,000","-67,000",0,0,0,0,0,0,"-19,000",0,"16,000","-16,000",0,"3,000","-3,000","-86,000",2020-10-30,,
2608,嘉里大榮        ,"71,000","106,000","-35,000",0,0,0,0,0,0,0,0,0,0,0,0,0,"-35,000",2020-11-02,,
2608,嘉里大榮        ,"79,000","82,000","-3,000",0,0,0,0,0,0,"-1,000",0,"1,000","-1,000",0,0,0,"-4,000",2020-11-03,,
2608,嘉里大榮        ,"17,000","28,000","-11,000",0,0,0,0,0,0,"1,000","1,000",0,"1,000",0,0,0,"-10,000",2020-11-04,,
2608,嘉里大榮        ,"39,000","2,000","37,000",0,0,0,0,0,0,"-11,000",0,"11,000","-11,000",0,0,0,"26,000",2020-11-05,,
2608,嘉里大榮        ,"5,000","25,000","-20,000",0,0,0,0,0,0,0,0,0,0,0,0,0,"-20,000",2020-11-06,,
2608,嘉里大榮        ,"96,000","39,000","57,000",0,0,0,0,0,0,"5,000","5,000",0,"5,000",0,0,0,"62,000",2020-11-09,,
2608,嘉里大榮        ,"55,000","110,000","-55,000",0,0,0,0,0,0,0,0,0,0,0,0,0,"-55,000",2020-11-10,,
2608,嘉里大榮        ,"60,000","83,000","-23,000",0,0,0,0,0,0,"42,000","42,000",0,"42,000",0,0,0,"19,000",2020-11-11,,
2608,嘉里大榮        ,"8,000","25,000","-17,000",0,0,0,0,0,0,0,"1,000","1,000",0,0,0,0,"-17,000",2020-11-12,,
2608,嘉里大榮        ,"5,000","18,000","-13,000",0,0,0,0,0,0,"28,000","36,000","8,000","28,000",0,0,0,"15,000",2020-11-13,,
2608,嘉里大榮        ,"71,000","25,000","46,000",0,0,0,0,0,0,"1,000","1,000",0,"1,000",0,0,0,"47,000",2020-11-16,,
2608,嘉里大榮        ,"38,000","12,000","26,000",0,0,0,0,0,0,"1,000","1,000",0,"1,000",0,0,0,"27,000",2020-11-17,,
2608,嘉里大榮        ,"62,000","32,000","30,000",0,0,0,0,0,0,"-1,000",0,"1,000","-1,000",0,0,0,"29,000",2020-11-18,,
2608,嘉里大榮        ,"68,000","14,000","54,000",0,0,0,0,"67,000","-67,000","20,000","20,000",0,"20,000",0,0,0,"7,000",2020-11-19,,
2608,嘉里大榮        ,"194,000","74,000","120,000",0,0,0,0,0,0,"225,501","225,501",0,"225,501",0,0,0,"345,501",2020-11-20,,
2608,嘉里大榮        ,"173,000","8,000","165,000",0,0,0,0,0,0,"2,000","2,000",0,"2,000",0,0,0,"167,000",2020-11-23,,
2608,嘉里大榮        ,"52,000","48,000","4,000",0,0,0,0,0,0,0,0,0,0,0,0,0,"4,000",2020-11-24,,
2608,嘉里大榮        ,"168,000","19,000","149,000",0,0,0,0,0,0,"2,000","2,000",0,"2,000",0,0,0,"151,000",2020-11-25,,
2608,嘉里大榮        ,"245,000","210,000","35,000",0,0,0,0,0,0,"433,000","433,000",0,"433,000",0,0,0,"468,000",2020-11-26,,
2608,嘉里大榮        ,"78,000","97,000","-19,000",0,0,0,0,0,0,"67,000","74,000","2,000","72,000",0,"5,000","-5,000","48,000",2020-11-27,,
2608,嘉里大榮        ,"35,000","56,000","-21,000",0,0,0,0,0,0,"11,000","11,000",0,"11,000",0,0,0,"-10,000",2020-11-30,,
2608,嘉里大榮        ,"107,000","73,372","33,628",0,0,0,0,"46,000","-46,000","104,000","105,000","1,000","104,000",0,0,0,"91,628",2020-12-01,,
2608,嘉里大榮        ,"24,000","48,000","-24,000",0,0,0,0,0,0,"51,000","51,000",0,"51,000",0,0,0,"27,000",2020-12-02,,
2608,嘉里大榮        ,"57,000","70,682","-13,682",0,0,0,0,"30,000","-30,000","70,000","70,000",0,"70,000",0,0,0,"26,318",2020-12-03,,
2608,嘉里大榮        ,"114,000","9,000","105,000",0,0,0,0,0,0,"2,000","3,000","1,000","2,000",0,0,0,"107,000",2020-12-04,,
2608,嘉里大榮        ,"90,000","34,000","56,000",0,0,0,0,0,0,"29,000","29,000",0,"29,000",0,0,0,"85,000",2020-12-07,,
2608,嘉里大榮        ,"65,000","19,000","46,000",0,0,0,0,0,0,"65,000","65,000",0,"65,000",0,0,0,"111,000",2020-12-08,,
2608,嘉里大榮        ,"178,000","105,000","73,000",0,0,0,0,0,0,"122,100","122,100",0,"122,100",0,0,0,"195,100",2020-12-09,,
2608,嘉里大榮        ,"106,000","50,000","56,000",0,0,0,0,0,0,"33,000","49,000","16,000","33,000",0,0,0,"89,000",2020-12-10,,
2608,嘉里大榮        ,"128,000","27,000","101,000",0,0,0,0,"49,000","-49,000","64,000","66,000","2,000","64,000",0,0,0,"116,000",2020-12-11,,
2608,嘉里大榮        ,"103,000","65,000","38,000",0,0,0,0,0,0,"106,000","118,000","12,000","106,000",0,0,0,"144,000",2020-12-14,,
2608,嘉里大榮        ,"44,000","83,000","-39,000",0,0,0,0,0,0,"146,000","146,000",0,"146,000",0,0,0,"107,000",2020-12-15,,
2608,嘉里大榮        ,"267,000","853,000","-586,000",0,0,0,0,0,0,"743,000","750,000","7,000","743,000",0,0,0,"157,000",2020-12-16,,
2608,嘉里大榮        ,"137,000","149,000","-12,000",0,0,0,0,"17,000","-17,000","180,114","185,114","5,000","180,114",0,0,0,"151,114",2020-12-17,,
2608,嘉里大榮        ,"219,000","28,000","191,000",0,0,0,0,"18,000","-18,000","-10,980","4,020","15,000","-10,980",0,0,0,"162,020",2020-12-18,,
2608,嘉里大榮        ,"209,000","80,000","129,000",0,0,0,0,"33,000","-33,000","-2,700","1,300","4,000","-2,700",0,0,0,"93,300",2020-12-21,,
2608,嘉里大榮        ,"92,000","167,000","-75,000",0,0,0,0,0,0,"52,949","53,000",51,"52,949",0,0,0,"-22,051",2020-12-22,,
2608,嘉里大榮        ,"35,000","70,000","-35,000",0,0,0,0,0,0,"32,048","32,055",7,"32,048",0,0,0,"-2,952",2020-12-23,,
2608,嘉里大榮        ,"43,000","47,000","-4,000",0,0,0,0,0,0,"2,000","2,000",0,"2,000",0,0,0,"-2,000",2020-12-24,,
2608,嘉里大榮        ,"48,000","17,000","31,000",0,0,0,0,0,0,"-2,880","19,120","22,000","-2,880",0,0,0,"28,120",2020-12-25,,
2608,嘉里大榮        ,"212,000","103,000","109,000",0,0,0,0,0,0,"59,009","80,009","21,000","59,009",0,0,0,"168,009",2020-12-28,,
2608,嘉里大榮        ,"81,000","57,000","24,000",0,0,0,0,0,0,"-2,000","16,000","18,000","-2,000",0,0,0,"22,000",2020-12-29,,
2608,嘉里大榮        ,"43,000","48,000","-5,000",0,0,0,0,0,0,"99,000","110,000","11,000","99,000",0,0,0,"94,000",2020-12-30,,
2608,嘉里大榮        ,"144,000","17,000","127,000",0,0,0,0,0,0,"9,027","40,027","31,000","9,027",0,0,0,"136,027",2020-12-31,,
2608,嘉里大榮        ,"442,000","154,000","288,000",0,0,0,0,"104,000","-104,000","49,108","59,108","10,000","49,108",0,0,0,"233,108",2021-01-04,,
2608,嘉里大榮        ,"148,000","50,000","98,000",0,0,0,0,0,0,"3,000","12,000","9,000","3,000",0,0,0,"101,000",2021-01-05,,
2608,嘉里大榮        ,"179,000","117,000","62,000",0,0,0,0,0,0,"-55,000","4,000","59,000","-55,000",0,0,0,"7,000",2021-01-06,,
2608,嘉里大榮        ,"279,000","808,857","-529,857",0,0,0,0,0,0,"730,000","735,000","5,000","730,000",0,0,0,"200,143",2021-01-07,,
2608,嘉里大榮        ,"130,000","144,000","-14,000",0,0,0,0,0,0,"-17,981",20,"18,001","-17,981",0,0,0,"-31,981",2021-01-08,,
2608,嘉里大榮        ,"108,000","59,000","49,000",0,0,0,0,0,0,0,0,0,0,0,0,0,"49,000",2021-01-11,,
2608,嘉里大榮        ,"149,000","147,000","2,000",0,0,0,0,0,0,0,0,0,0,0,0,0,"2,000",2021-01-12,,
2608,嘉里大榮        ,"311,000","229,000","82,000",0,0,0,0,0,0,"1,058","21,058","20,000","1,058",0,0,0,"83,058",2021-01-13,,
2608,嘉里大榮        ,"79,000","44,000","35,000",0,0,0,0,0,0,0,0,0,0,0,0,0,"35,000",2021-01-14,,
2608,嘉里大榮        ,"80,000","109,000","-29,000",0,0,0,0,0,0,0,0,0,0,0,0,0,"-29,000",2021-01-15,,
2608,嘉里大榮        ,"40,000","75,000","-35,000",0,0,0,0,0,0,"15,000","15,000",0,"15,000",0,0,0,"-20,000",2021-01-18,,
2608,嘉里大榮        ,"31,000","44,000","-13,000",0,0,0,0,0,0,"21,001","21,001",0,"21,001",0,0,0,"8,001",2021-01-19,,
2608,嘉里大榮        ,"73,000","372,000","-299,000",0,0,0,0,0,0,"12,004","17,004","5,000","12,004",0,0,0,"-286,996",2021-01-20,,
2608,嘉里大榮        ,"53,000","41,000","12,000",0,0,0,0,0,0,126,126,0,126,0,0,0,"12,126",2021-01-21,,
2608,嘉里大榮        ,"27,000","62,000","-35,000",0,0,0,0,0,0,"-1,025",0,"1,025","-1,025",0,0,0,"-36,025",2021-01-22,,
2608,嘉里大榮        ,"25,000","188,000","-163,000",0,0,0,0,0,0,"2,000","2,000",0,"2,000",0,0,0,"-161,000",2021-01-25,,
2608,嘉里大榮        ,"32,000","107,000","-75,000",0,0,0,0,0,0,"-1,479",0,"1,479","-1,479",0,0,0,"-76,479",2021-01-26,,
2608,嘉里大榮        ,"16,000","61,000","-45,000",0,0,0,0,0,0,"5,000",0,0,0,"5,000",0,"5,000","-40,000",2021-01-27,,
2608,嘉里大榮        ,"8,000","70,000","-62,000",0,0,0,0,0,0,"12,000","10,000",0,"10,000","2,000",0,"2,000","-50,000",2021-01-28,,
2608,嘉里大榮        ,"47,300","228,000","-180,700",0,0,0,0,0,0,"20,000","20,000",0,"20,000",0,0,0,"-160,700",2021-01-29,,
2608,嘉里大榮        ,"7,000","41,000","-34,000",0,0,0,0,0,0,"-6,998","7,002","14,000","-6,998",0,0,0,"-40,998",2021-02-01,,
2608,嘉里大榮        ,"54,000","78,000","-24,000",0,0,0,0,0,0,"-20,002","16,000","36,002","-20,002",0,0,0,"-44,002",2021-02-02,,
2608,嘉里大榮        ,"17,000","38,000","-21,000",0,0,0,0,0,0,"-33,000","9,000","42,000","-33,000",0,0,0,"-54,000",2021-02-03,,
2608,嘉里大榮        ,"35,000","38,000","-3,000",0,0,0,0,0,0,"-16,000","2,000","18,000","-16,000",0,0,0,"-19,000",2021-02-04,,
2608,嘉里大榮        ,"67,000","86,000","-19,000",0,0,0,0,0,0,0,"4,000","4,000",0,0,0,0,"-19,000",2021-02-05,,
2608,嘉里大榮        ,"216,000","407,000","-191,000",0,0,0,0,0,0,"-21,000",0,"21,000","-21,000",0,0,0,"-212,000",2021-02-17,,
2608,嘉里大榮        ,"90,000","43,000","47,000",0,0,0,0,0,0,0,"1,000","1,000",0,0,0,0,"47,000",2021-02-18,,
2608,嘉里大榮        ,"83,000","69,000","14,000",0,0,0,0,0,0,"-4,000",0,"4,000","-4,000",0,0,0,"10,000",2021-02-19,,
2608,嘉里大榮        ,"285,000","391,493","-106,493",0,0,0,0,0,0,0,0,0,0,0,0,0,"-106,493",2021-02-22,,
2608,嘉里大榮        ,"158,000","119,000","39,000",0,0,0,0,0,0,0,0,0,0,0,0,0,"39,000",2021-02-23,,
2608,嘉里大榮        ,"103,000","95,000","8,000",0,0,0,0,0,0,"1,000","1,000",0,"1,000",0,0,0,"9,000",2021-02-24,,
2608,嘉里大榮        ,"48,000","37,000","11,000",0,0,0,0,0,0,0,0,0,0,0,0,0,"11,000",2021-02-25,,
2608,嘉里大榮        ,"82,000","253,000","-171,000",0,0,0,0,0,0,0,0,0,0,0,0,0,"-171,000",2021-02-26,,
2608,嘉里大榮        ,"54,000","23,000","31,000",0,0,0,0,0,0,0,0,0,0,0,0,0,"31,000",2021-03-02,,
2608,嘉里大榮        ,"167,000","241,000","-74,000",0,0,0,0,0,0,"51,000","51,000",0,"51,000",0,0,0,"-23,000",2021-03-03,,
2608,嘉里大榮        ,"163,000","95,000","68,000",0,0,0,0,0,0,"-9,000",0,"9,000","-9,000",0,0,0,"59,000",2021-03-04,,
2608,嘉里大榮        ,"40,000","32,000","8,000",0,0,0,0,0,0,0,0,0,0,0,0,0,"8,000",2021-03-05,,
2608,嘉里大榮        ,"26,000","32,000","-6,000",0,0,0,0,0,0,"-4,000",0,"4,000","-4,000",0,0,0,"-10,000",2021-03-08,,
2608,嘉里大榮        ,"62,000","23,000","39,000",0,0,0,0,0,0,0,0,0,0,0,0,0,"39,000",2021-03-09,,
2608,嘉里大榮        ,"54,000","10,000","44,000",0,0,0,0,0,0,"-20,000",0,"20,000","-20,000",0,0,0,"24,000",2021-03-10,,
2608,嘉里大榮        ,"129,000","50,000","79,000",0,0,0,0,0,0,"6,325","6,325",0,"6,325",0,0,0,"85,325",2021-03-11,,
2608,嘉里大榮        ,"52,000","131,916","-79,916",0,0,0,0,0,0,0,0,0,0,0,0,0,"-79,916",2021-03-12,,
2608,嘉里大榮        ,"43,000","46,000","-3,000",0,0,0,0,0,0,"-2,000",0,"2,000","-2,000",0,0,0,"-5,000",2021-03-15,,
2608,嘉里大榮        ,"115,000","36,000","79,000",0,0,0,0,"32,000","-32,000","3,000",0,0,0,"3,000",0,"3,000","50,000",2021-03-16,,
2608,嘉里大榮        ,"109,000","208,000","-99,000",0,0,0,0,0,0,"-28,221",0,"28,221","-28,221",0,0,0,"-127,221",2021-03-17,,
2608,嘉里大榮        ,"37,000","19,000","18,000",0,0,0,0,0,0,999,"1,000",1,999,0,0,0,"18,999",2021-03-18,,
2608,嘉里大榮        ,"89,000","266,000","-177,000",0,0,0,0,0,0,-103,0,103,-103,0,0,0,"-177,103",2021-03-19,,
2608,嘉里大榮        ,"14,000","25,000","-11,000",0,0,0,0,0,0,"-15,000",0,"15,000","-15,000",0,0,0,"-26,000",2021-03-22,,
2608,嘉里大榮        ,"4,000","52,000","-48,000",0,0,0,0,0,0,"-2,000",0,"2,000","-2,000",0,0,0,"-50,000",2021-03-23,,
2608,嘉里大榮        ,"20,000","38,016","-18,016",0,0,0,0,0,0,"-50,000",0,"50,000","-50,000",0,0,0,"-68,016",2021-03-24,,
2608,嘉里大榮        ,"8,000","14,001","-6,001",0,0,0,"40,000",0,"40,000","-5,000",0,"5,000","-5,000",0,0,0,"28,999",2021-03-25,,
2608,嘉里大榮        ,"95,000","18,000","77,000",0,0,0,0,0,0,"-6,000",0,"6,000","-6,000",0,0,0,"71,000",2021-03-26,,
2608,嘉里大榮        ,"54,000","14,000","40,000",0,0,0,0,0,0,"-4,000","1,000","5,000","-4,000",0,0,0,"36,000",2021-03-29,,
2608,嘉里大榮        ,"87,000","116,283","-29,283",0,0,0,"60,000",0,"60,000","1,000","1,000",0,"1,000",0,0,0,"31,717",2021-03-30,,
2608,嘉里大榮        ,"63,000","57,000","6,000",0,0,0,"18,000",0,"18,000",0,0,0,0,0,0,0,"24,000",2021-03-31,,
2608,嘉里大榮        ,"32,000","35,000","-3,000",0,0,0,0,0,0,0,0,0,0,0,0,0,"-3,000",2021-04-01,,
2608,嘉里大榮        ,"51,000","63,000","-12,000",0,0,0,0,"8,000","-8,000","2,000","2,000",0,"2,000",0,0,0,"-18,000",2021-04-06,,
2608,嘉里大榮        ,"57,000","67,000","-10,000",0,0,0,0,0,0,"9,000","11,000","2,000","9,000",0,0,0,"-1,000",2021-04-07,,
2608,嘉里大榮        ,"60,000","82,000","-22,000",0,0,0,0,0,0,"-4,000",0,"4,000","-4,000",0,0,0,"-26,000",2021-04-08,,
2608,嘉里大榮        ,"50,000","44,000","6,000",0,0,0,0,"16,000","-16,000",0,0,0,0,0,0,0,"-10,000",2021-04-09,,
2608,嘉里大榮        ,"85,000","92,000","-7,000",0,0,0,0,"4,000","-4,000","-2,000",0,"2,000","-2,000",0,0,0,"-13,000",2021-04-12,,
2608,嘉里大榮        ,"255,000","205,000","50,000",0,0,0,0,"8,000","-8,000","7,000","7,000",0,"7,000",0,0,0,"49,000",2021-04-13,,
2608,嘉里大榮        ,"118,000","91,000","27,000",0,0,0,0,0,0,"-30,000","3,000","33,000","-30,000",0,0,0,"-3,000",2021-04-14,,
2608,嘉里大榮        ,"44,000","27,000","17,000",0,0,0,0,"8,000","-8,000","4,000","5,000","1,000","4,000",0,0,0,"13,000",2021-04-15,,
2608,嘉里大榮        ,"86,000","65,000","21,000",0,0,0,0,0,0,0,0,0,0,0,0,0,"21,000",2021-04-16,,
2608,嘉里大榮        ,"146,000","67,000","79,000",0,0,0,0,0,0,"-9,000",0,"9,000","-9,000",0,0,0,"70,000",2021-04-19,,
2608,嘉里大榮        ,"262,000","147,000","115,000",0,0,0,0,0,0,"2,000","2,000",0,"2,000",0,0,0,"117,000",2021-04-20,,
2608,嘉里大榮        ,"84,000","108,000","-24,000",0,0,0,0,0,0,"-14,000","1,000","15,000","-14,000",0,0,0,"-38,000",2021-04-21,,
2608,嘉里大榮        ,"267,000","222,000","45,000",0,0,0,0,0,0,"-1,000",0,"1,000","-1,000",0,0,0,"44,000",2021-04-22,,
2608,嘉里大榮        ,"112,000","54,000","58,000",0,0,0,0,0,0,0,0,0,0,0,0,0,"58,000",2021-04-23,,
2608,嘉里大榮        ,"145,000","127,000","18,000",0,0,0,0,0,0,"-7,000",0,"7,000","-7,000",0,0,0,"11,000",2021-04-26,,
2608,嘉里大榮        ,"123,000","69,000","54,000",0,0,0,0,0,0,0,0,0,0,0,0,0,"54,000",2021-04-27,,
2608,嘉里大榮        ,"104,000","52,000","52,000",0,0,0,0,0,0,0,0,0,0,0,0,0,"52,000",2021-04-28,,
2608,嘉里大榮        ,"148,000","46,000","102,000",0,0,0,"41,000",0,"41,000","1,000","1,000",0,"1,000",0,0,0,"144,000",2021-04-29,,
2608,嘉里大榮        ,"105,000","61,000","44,000",0,0,0,0,0,0,0,0,0,0,0,0,0,"44,000",2021-05-03,,
2608,嘉里大榮        ,"396,000","106,000","290,000",0,0,0,0,"16,000","-16,000","10,009","11,009","1,000","10,009",0,0,0,"284,009",2021-05-04,,
2608,嘉里大榮        ,"90,000","59,000","31,000",0,0,0,0,"8,000","-8,000","-2,000","1,000","3,000","-2,000",0,0,0,"21,000",2021-05-05,,
2608,嘉里大榮        ,"62,000","21,000","41,000",0,0,0,0,0,0,0,0,0,0,0,0,0,"41,000",2021-05-06,,
2608,嘉里大榮        ,"69,000","40,000","29,000",0,0,0,0,0,0,"1,000","1,000",0,"1,000",0,0,0,"30,000",2021-05-07,,
2608,嘉里大榮        ,"115,000","21,000","94,000",0,0,0,0,0,0,-9,"1,000","1,009",-9,0,0,0,"93,991",2021-05-10,,
2608,嘉里大榮        ,"187,000","174,000","13,000",0,0,0,0,0,0,"-1,000",0,"1,000","-1,000",0,0,0,"12,000",2021-05-11,,
2608,嘉里大榮        ,"485,369","550,000","-64,631",0,0,0,0,0,0,-519,"1,482","2,001",-519,0,0,0,"-65,150",2021-05-12,,
2608,嘉里大榮        ,"555,000","556,000","-1,000",0,0,0,0,0,0,"-2,986","1,799","4,785","-2,986",0,0,0,"-3,986",2021-05-13,,
2608,嘉里大榮        ,"810,000","815,000","-5,000",0,0,0,0,0,0,"-84,513","2,982","87,495","-84,513",0,0,0,"-89,513",2021-05-14,,
2608,嘉里大榮        ,"1,325,000","808,000","517,000",0,0,0,0,0,0,"-3,416,300","70,000","3,486,300","-3,416,300",0,0,0,"-2,899,300",2021-05-17,,
2608,嘉里大榮        ,"729,000","1,394,000","-665,000",0,0,0,0,0,0,"-9,672","7,010","16,682","-9,672",0,0,0,"-674,672",2021-05-18,,
2608,嘉里大榮        ,"794,000","463,000","331,000",0,0,0,0,0,0,"9,437","10,447","1,010","9,437",0,0,0,"340,437",2021-05-19,,
2608,嘉里大榮        ,"1,109,000","1,123,000","-14,000",0,0,0,0,0,0,"1,802","3,249","1,447","1,802",0,0,0,"-12,198",2021-05-20,,
2608,嘉里大榮        ,"1,228,100","1,363,000","-134,900",0,0,0,0,0,0,"-48,187","1,813","50,000","-48,187",0,0,0,"-183,087",2021-05-21,,
2608,嘉里大榮        ,"256,000","145,012","110,988",0,0,0,0,0,0,0,0,0,0,0,0,0,"110,988",2021-05-24,,
2608,嘉里大榮        ,"2,878,120","2,811,344","66,776",0,0,0,0,0,0,"-31,463",537,"32,000","-31,463",0,0,0,"35,313",2021-05-25,,
2608,嘉里大榮        ,"2,812,315","2,559,000","253,315",0,0,0,0,0,0,"-8,001","17,598","25,599","-8,001",0,0,0,"245,314",2021-05-26,,
2608,嘉里大榮        ,"2,952,350","14,078,747","-11,126,397",0,0,0,0,0,0,"60,402","68,000","7,598","60,402",0,0,0,"-11,065,995",2021-05-27,,
2608,嘉里大榮        ,"1,480,150","1,901,205","-421,055",0,0,0,0,0,0,0,0,0,0,0,0,0,"-421,055",2021-05-28,,
2608,嘉里大榮        ,"2,523,500","2,095,200","428,300",0,0,0,0,0,0,"-65,000","3,000","68,000","-65,000",0,0,0,"363,300",2021-05-31,,
2608,嘉里大榮        ,"5,031,000","7,389,070","-2,358,070",0,0,0,0,0,0,"71,000","86,000","25,000","61,000","10,000",0,"10,000","-2,287,070",2021-06-01,,
2608,嘉里大榮        ,"5,214,100","4,740,543","473,557",0,0,0,0,0,0,"77,354","91,454","14,100","77,354",0,0,0,"550,911",2021-06-02,,
2608,嘉里大榮        ,"2,311,001","3,188,100","-877,099",0,0,0,0,0,0,"63,000","63,000",0,"63,000",0,0,0,"-814,099",2021-06-03,,
2608,嘉里大榮        ,"1,690,000","1,845,001","-155,001",0,0,0,0,0,0,"4,000","4,000",0,"4,000",0,0,0,"-151,001",2021-06-04,,
2608,嘉里大榮        ,"2,087,000","2,006,000","81,000",0,0,0,0,0,0,"44,000","44,000",0,"44,000",0,0,0,"125,000",2021-06-07,,
2608,嘉里大榮        ,"1,353,000","1,386,000","-33,000",0,0,0,0,0,0,0,0,0,0,0,0,0,"-33,000",2021-06-08,,
2608,嘉里大榮        ,"1,143,000","849,000","294,000",0,0,0,0,0,0,-105,0,105,-105,0,0,0,"293,895",2021-06-09,,
2608,嘉里大榮        ,"2,332,000","1,312,000","1,020,000",0,0,0,0,0,0,"4,999","8,475","3,476","4,999",0,0,0,"1,024,999",2021-06-10,,
2608,嘉里大榮        ,"1,082,100","1,438,596","-356,496",0,0,0,0,0,0,-857,0,857,-857,0,0,0,"-357,353",2021-06-11,,
2608,嘉里大榮        ,"679,000","1,045,000","-366,000",0,0,0,0,"16,000","-16,000","6,595","7,000",405,"6,595",0,0,0,"-375,405",2021-06-15,,
2608,嘉里大榮        ,"1,096,000","793,000","303,000",0,0,0,0,0,0,"326,753","330,000","3,247","326,753",0,0,0,"629,753",2021-06-16,,
2608,嘉里大榮        ,"2,893,001","5,654,000","-2,760,999",0,0,0,0,"459,000","-459,000","-3,161","1,000","4,161","-3,161",0,0,0,"-3,223,160",2021-06-17,,
2608,嘉里大榮        ,"3,033,200","6,226,000","-3,192,800",0,0,0,0,"432,000","-432,000","75,379","5,667","6,288",-621,"76,000",0,"76,000","-3,549,421",2021-06-18,,
2608,嘉里大榮        ,"5,179,640","4,156,250","1,023,390",0,0,0,0,"429,000","-429,000","790,266","8,000","17,734","-9,734","800,000",0,"800,000","1,384,656",2021-06-21,,
2608,嘉里大榮        ,"6,663,500","12,903,700","-6,240,200",0,0,0,0,0,0,"-484,000","9,000","82,000","-73,000","67,000","478,000","-411,000","-6,724,200",2021-06-22,,
2608,嘉里大榮        ,"4,772,000","4,216,450","555,550",0,0,0,0,0,0,"641,000","101,488","12,488","89,000","552,000",0,"552,000","1,196,550",2021-06-23,,
2608,嘉里大榮        ,"2,720,100","3,387,000","-666,900",0,0,0,0,0,0,"6,820","13,490","6,670","6,820",0,0,0,"-660,080",2021-06-24,,
2608,嘉里大榮        ,"1,602,000","2,073,000","-471,000",0,0,0,0,0,0,"6,000","531,814","525,814","6,000",0,0,0,"-465,000",2021-06-25,,
2608,嘉里大榮        ,"2,436,060","2,127,000","309,060",0,0,0,0,0,0,"4,835","344,111","339,276","4,835",0,0,0,"313,895",2021-06-28,,
2608,嘉里大榮        ,"1,854,200","2,003,000","-148,800",0,0,0,0,0,0,0,"292,133","292,133",0,0,0,0,"-148,800",2021-06-29,,
2608,嘉里大榮        ,"2,675,000","1,779,000","896,000",0,0,0,0,0,0,"54,878","276,947","272,069","4,878","50,000",0,"50,000","950,878",2021-06-30,,
2608,嘉里大榮        ,"2,617,200","2,399,000","218,200",0,0,0,0,0,0,"-4,374","373,665","378,039","-4,374",0,0,0,"213,826",2021-07-01,,
2608,嘉里大榮        ,"2,323,200","1,235,000","1,088,200",0,0,0,0,0,0,-33,"133,000","133,033",-33,0,0,0,"1,088,167",2021-07-02,,
2608,嘉里大榮        ,"3,944,000","1,241,000","2,703,000",0,0,0,0,0,0,"3,366","240,692","237,326","3,366",0,0,0,"2,706,366",2021-07-05,,
2608,嘉里大榮        ,"1,257,000","1,711,000","-454,000",0,0,0,0,0,0,-748,"125,000","125,748",-748,0,0,0,"-454,748",2021-07-06,,
2608,嘉里大榮        ,"1,872,000","1,584,000","288,000",0,0,0,0,0,0,"19,580","86,000","86,420",-420,"20,000",0,"20,000","307,580",2021-07-07,,
2608,嘉里大榮        ,"4,777,200","1,560,000","3,217,200",0,0,0,0,0,0,"77,111","22,936","22,825",111,"96,000","19,000","77,000","3,294,311",2021-07-08,,
2608,嘉里大榮        ,"1,354,200","4,461,400","-3,107,200",0,0,0,0,0,0,"-45,100","8,000","9,100","-1,100","10,000","54,000","-44,000","-3,152,300",2021-07-09,,
2608,嘉里大榮        ,"1,941,000","1,041,000","900,000",0,0,0,0,0,0,"-5,580","8,665","6,245","2,420","4,000","12,000","-8,000","894,420",2021-07-12,,
2608,嘉里大榮        ,"2,557,000","887,000","1,670,000",0,0,0,0,0,0,"93,473","18,101","8,091","10,010","104,463","21,000","83,463","1,763,473",2021-07-13,,
2608,嘉里大榮        ,"4,538,000","1,812,929","2,725,071",0,0,0,0,0,0,"20,266","13,381","8,651","4,730","18,536","3,000","15,536","2,745,337",2021-07-14,,
2608,嘉里大榮        ,"1,426,200","3,245,000","-1,818,800",0,0,0,0,0,0,"65,870","51,042","32,172","18,870","63,000","16,000","47,000","-1,752,930",2021-07-15,,
2608,嘉里大榮        ,"1,673,000","822,000","851,000",0,0,0,0,0,0,"-35,497","11,000","2,497","8,503","4,000","48,000","-44,000","815,503",2021-07-16,,
2608,嘉里大榮        ,"1,194,000","532,000","662,000",0,0,0,0,0,0,"11,548","10,000",452,"9,548","2,000",0,"2,000","673,548",2021-07-19,,
2608,嘉里大榮        ,"791,000","551,000","240,000",0,0,0,0,0,0,"10,291","22,048","9,757","12,291",0,"2,000","-2,000","250,291",2021-07-20,,
2608,嘉里大榮        ,"1,321,000","583,000","738,000",0,0,0,0,0,0,"5,834","8,041","5,207","2,834","3,000",0,"3,000","743,834",2021-07-21,,
2608,嘉里大榮        ,"1,847,000","654,000","1,193,000",0,0,0,0,0,0,"37,898","23,898","9,000","14,898","25,000","2,000","23,000","1,230,898",2021-07-22,,
2608,嘉里大榮        ,"641,000","612,000","29,000",0,0,0,0,0,0,"-3,844","9,412","2,256","7,156","5,000","16,000","-11,000","25,156",2021-07-23,,
2608,嘉里大榮        ,"469,000","386,000","83,000",0,0,0,0,0,0,"-10,858","8,999","4,857","4,142",0,"15,000","-15,000","72,142",2021-07-26,,
2608,嘉里大榮        ,"640,000","215,000","425,000",0,0,0,0,0,0,"13,254","15,409","3,155","12,254","1,000",0,"1,000","438,254",2021-07-27,,
2608,嘉里大榮        ,"945,000","655,000","290,000",0,0,0,0,0,0,"11,162","12,551","3,389","9,162","3,000","1,000","2,000","301,162",2021-07-28,,
2608,嘉里大榮        ,"819,000","326,000","493,000",0,0,0,0,0,0,"14,282","3,214","1,932","1,282","14,000","1,000","13,000","507,282",2021-07-29,,
2608,嘉里大榮        ,"434,000","864,000","-430,000",0,0,0,0,0,0,"-13,781","12,000","7,781","4,219","1,000","19,000","-18,000","-443,781",2021-07-30,,
2608,嘉里大榮        ,"1,708,000","485,000","1,223,000",0,0,0,0,0,0,"35,571","6,571","6,000",571,"35,000",0,"35,000","1,258,571",2021-08-02,,
2608,嘉里大榮        ,"216,000","1,035,000","-819,000",0,0,0,0,0,0,"-11,565","15,000","3,565","11,435",0,"23,000","-23,000","-830,565",2021-08-03,,
2608,嘉里大榮        ,"461,000","166,000","295,000",0,0,0,0,0,0,"17,467","14,000","1,533","12,467","7,000","2,000","5,000","312,467",2021-08-04,,
2608,嘉里大榮        ,"1,463,000","2,029,000","-566,000",0,0,0,0,0,0,"9,489","27,000","13,511","13,489",0,"4,000","-4,000","-556,511",2021-08-05,,
2608,嘉里大榮        ,"899,000","370,000","529,000",0,0,0,0,0,0,"-2,503","2,595","5,098","-2,503","1,000","1,000",0,"526,497",2021-08-06,,
2608,嘉里大榮        ,"628,000","575,000","53,000",0,0,0,0,0,0,"-25,229","2,100","2,329",-229,"1,000","26,000","-25,000","27,771",2021-08-09,,
2608,嘉里大榮        ,"743,000","533,000","210,000",0,0,0,0,0,0,"1,743","5,165","3,422","1,743",0,0,0,"211,743",2021-08-10,,
2608,嘉里大榮        ,"1,036,000","485,000","551,000",0,0,0,0,0,0,"1,650","4,565","2,915","1,650",0,0,0,"552,650",2021-08-11,,
2608,嘉里大榮        ,"437,200","265,000","172,200",0,0,0,0,0,0,"5,575","6,000",425,"5,575",0,0,0,"177,775",2021-08-12,,
2608,嘉里大榮        ,"600,000","567,000","33,000",0,0,0,0,0,0,"10,186","17,000","6,814","10,186",0,0,0,"43,186",2021-08-13,,
2608,嘉里大榮        ,"1,201,000","497,000","704,000",0,0,0,0,0,0,39,"17,917","17,878",39,0,0,0,"704,039",2021-08-16,,
2608,嘉里大榮        ,"688,000","345,000","343,000",0,0,0,0,0,0,"7,636","19,040","11,404","7,636",0,0,0,"350,636",2021-08-17,,
2608,嘉里大榮        ,"1,587,000","604,000","983,000",0,0,0,0,0,0,"8,476","18,826","16,350","2,476","6,000",0,"6,000","991,476",2021-08-18,,
2608,嘉里大榮        ,"776,000","751,000","25,000",0,0,0,0,0,0,"-12,834","7,000","13,834","-6,834",0,"6,000","-6,000","12,166",2021-08-19,,
2608,嘉里大榮        ,"967,000","340,000","627,000",0,0,0,0,0,0,"8,207","19,000","10,793","8,207",0,0,0,"635,207",2021-08-20,,
2608,嘉里大榮        ,"612,000","1,031,000","-419,000",0,0,0,0,0,0,"3,586","12,050","9,464","2,586","1,000",0,"1,000","-415,414",2021-08-23,,
2608,嘉里大榮        ,"608,000","257,000","351,000",0,0,0,0,0,0,"9,505","13,000","8,495","4,505","5,000",0,"5,000","360,505",2021-08-24,,
2608,嘉里大榮        ,"259,000","175,000","84,000",0,0,0,0,0,0,"5,365","12,579","4,214","8,365",0,"3,000","-3,000","89,365",2021-08-25,,
2608,嘉里大榮        ,"330,000","271,000","59,000",0,0,0,0,0,0,"10,417","22,000","7,583","14,417",0,"4,000","-4,000","69,417",2021-08-26,,
2608,嘉里大榮        ,"537,000","287,000","250,000",0,0,0,0,0,0,"29,093","52,101","21,008","31,093",0,"2,000","-2,000","279,093",2021-08-27,,
2608,嘉里大榮        ,"311,000","454,200","-143,200",0,0,0,0,0,0,-312,"8,000","8,312",-312,0,0,0,"-143,512",2021-08-30,,
2608,嘉里大榮        ,"472,000","650,000","-178,000",0,0,0,0,0,0,"4,563","27,000","22,437","4,563",0,0,0,"-173,437",2021-08-31,,
2608,嘉里大榮        ,"596,000","240,000","356,000",0,0,0,0,0,0,"-3,098","17,003","20,101","-3,098",0,0,0,"352,902",2021-09-01,,
2608,嘉里大榮        ,"469,000","759,000","-290,000",0,0,0,0,0,0,-7,"7,504","7,511",-7,0,0,0,"-290,007",2021-09-02,,
2608,嘉里大榮        ,"893,000","939,000","-46,000",0,0,0,0,0,0,"11,602","31,000","19,398","11,602",0,0,0,"-34,398",2021-09-03,,
2608,嘉里大榮        ,"1,852,078","2,996,000","-1,143,922",0,0,0,0,0,0,"20,490","15,585","16,095",-510,"21,000",0,"21,000","-1,123,432",2021-09-07,,
2608,嘉里大榮        ,"1,962,020","5,625,078","-3,663,058",0,0,0,0,0,0,"18,000","37,372","77,372","-40,000","64,000","6,000","58,000","-3,645,058",2021-09-08,,
2608,嘉里大榮        ,"4,453,000","6,038,020","-1,585,020",0,0,0,0,0,0,"46,894","77,558","85,558","-8,000","174,000","119,106","54,894","-1,538,126",2021-09-09,,
2608,嘉里大榮        ,"2,774,000","4,267,000","-1,493,000",0,0,0,0,0,0,"409,287","7,228","7,272",-44,"434,801","25,470","409,331","-1,083,713",2021-09-10,,
2608,嘉里大榮        ,"1,203,000","2,923,000","-1,720,000",0,0,0,0,0,0,"-4,332","68,000","67,000","1,000","1,000","6,332","-5,332","-1,724,332",2021-09-13,,
2608,嘉里大榮        ,"2,524,000","2,954,000","-430,000",0,0,0,0,0,0,"-312,186","115,180","115,366",-186,"103,000","415,000","-312,000","-742,186",2021-09-14,,
2608,嘉里大榮        ,"1,300,000","1,383,000","-83,000",0,0,0,0,0,0,"232,307","53,013","100,706","-47,693","300,000","20,000","280,000","149,307",2021-09-15,,
2608,嘉里大榮        ,"113,000","369,000","-256,000",0,0,0,0,0,0,"36,443","25,000","31,557","-6,557","46,000","3,000","43,000","-219,557",2021-09-16,,
2608,嘉里大榮        ,"344,050","410,899","-66,849",0,0,0,0,0,0,892,"22,000","22,108",-108,"1,000",0,"1,000","-65,957",2021-09-17,,
2608,嘉里大榮        ,"387,000","319,000","68,000",0,0,0,0,0,0,"-3,269","28,000","81,269","-53,269","52,000","2,000","50,000","64,731",2021-09-22,,
2608,嘉里大榮        ,"416,000","305,128","110,872",0,0,0,0,0,0,-137,"25,373","24,510",863,0,"1,000","-1,000","110,735",2021-09-23,,
2608,嘉里大榮        ,"332,000","157,000","175,000",0,0,0,0,0,0,"-15,287","10,000","12,287","-2,287",0,"13,000","-13,000","159,713",2021-09-24,,
2608,嘉里大榮        ,"197,000","91,000","106,000",0,0,0,0,0,0,"1,920","2,000",80,"1,920",0,0,0,"107,920",2021-09-27,,
2608,嘉里大榮        ,"63,000","115,000","-52,000",0,0,0,0,0,0,-146,"9,000","9,146",-146,0,0,0,"-52,146",2021-09-28,,
2608,嘉里大榮        ,"268,000","599,000","-331,000",0,0,0,0,0,0,"-211,355","16,000","222,355","-206,355",0,"5,000","-5,000","-542,355",2021-09-29,,
2608,嘉里大榮        ,"370,000","177,000","193,000",0,0,0,0,0,0,"-1,404","11,570","12,974","-1,404",0,0,0,"191,596",2021-09-30,,
2608,嘉里大榮        ,"352,000","504,000","-152,000",0,0,0,0,0,0,"-15,968","26,000","36,968","-10,968",0,"5,000","-5,000","-167,968",2021-10-01,,
2608,嘉里大榮        ,"689,000","432,000","257,000",0,0,0,0,0,0,0,"22,000","22,000",0,0,0,0,"257,000",2021-10-04,,
2608,嘉里大榮        ,"719,000","399,000","320,000",0,0,0,0,0,0,226,"15,269","15,043",226,0,0,0,"320,226",2021-10-05,,
2608,嘉里大榮        ,"200,000","528,000","-328,000",0,0,0,0,0,0,"-22,841","13,000","35,841","-22,841",0,0,0,"-350,841",2021-10-06,,
2608,嘉里大榮        ,"668,000","252,000","416,000",0,0,0,0,0,0,"20,170","32,235","12,065","20,170",0,0,0,"436,170",2021-10-07,,
2608,嘉里大榮        ,"239,000","431,000","-192,000",0,0,0,0,0,0,-190,"14,000","14,190",-190,0,0,0,"-192,190",2021-10-08,,
2608,嘉里大榮        ,"337,000","348,000","-11,000",0,0,0,0,0,0,"-2,380","7,000","9,380","-2,380",0,0,0,"-13,380",2021-10-12,,
2608,嘉里大榮        ,"314,000","351,000","-37,000",0,0,0,0,0,0,"-12,851","12,000","7,851","4,149",0,"17,000","-17,000","-49,851",2021-10-13,,
2608,嘉里大榮        ,"514,000","315,000","199,000",0,0,0,0,0,0,"-5,550","8,000","8,550",-550,0,"5,000","-5,000","193,450",2021-10-14,,
2608,嘉里大榮        ,"572,000","260,050","311,950",0,0,0,0,0,0,965,"5,000","4,035",965,0,0,0,"312,915",2021-10-15,,
2608,嘉里大榮        ,"315,000","361,000","-46,000",0,0,0,0,0,0,"2,302","8,000","5,698","2,302",0,0,0,"-43,698",2021-10-18,,
2608,嘉里大榮        ,"506,000","198,000","308,000",0,0,0,0,0,0,"14,108","19,108","4,000","15,108",0,"1,000","-1,000","322,108",2021-10-19,,
2608,嘉里大榮        ,"194,000","207,000","-13,000",0,0,0,0,0,0,"4,000","8,000","4,000","4,000",0,0,0,"-9,000",2021-10-20,,
2608,嘉里大榮        ,"977,000","746,000","231,000",0,0,0,0,0,0,-102,"5,000","5,102",-102,0,0,0,"230,898",2021-10-21,,
2608,嘉里大榮        ,"59,304","590,000","-530,696",0,0,0,0,0,0,637,"19,000","18,363",637,0,0,0,"-530,059",2021-10-22,,
2608,嘉里大榮        ,"313,000","518,000","-205,000",0,0,0,0,0,0,-669,"28,040","28,709",-669,0,0,0,"-205,669",2021-10-25,,
2608,嘉里大榮        ,"223,000","130,000","93,000",0,0,0,0,0,0,-159,"11,000","11,159",-159,0,0,0,"92,841",2021-10-26,,
2608,嘉里大榮        ,"83,000","141,000","-58,000",0,0,0,0,0,0,"-3,244","5,000","5,244",-244,0,"3,000","-3,000","-61,244",2021-10-27,,
2608,嘉里大榮        ,"150,000","90,000","60,000",0,0,0,0,0,0,15,"8,015","8,000",15,0,0,0,"60,015",2021-10-28,,
2608,嘉里大榮        ,"442,000","365,000","77,000",0,0,0,0,0,0,"-1,311","13,271","14,582","-1,311",0,0,0,"75,689",2021-10-29,,
2608,嘉里大榮        ,"244,000","254,000","-10,000",0,0,0,0,0,0,"-8,809","5,000","14,809","-9,809","1,000",0,"1,000","-18,809",2021-11-01,,
2608,嘉里大榮        ,"499,000","173,000","326,000",0,0,0,0,0,0,"-14,807","6,056","20,863","-14,807",0,0,0,"311,193",2021-11-02,,
2608,嘉里大榮        ,"884,000","1,284,000","-400,000",0,0,0,"20,000",0,"20,000","-28,217","20,035","50,252","-30,217","2,000",0,"2,000","-408,217",2021-11-03,,
2608,嘉里大榮        ,"133,000","416,000","-283,000",0,0,0,"23,000",0,"23,000",212,"7,000","6,788",212,0,0,0,"-259,788",2021-11-04,,
2608,嘉里大榮        ,"89,000","142,000","-53,000",0,0,0,0,0,0,15,"10,000","9,985",15,0,0,0,"-52,985",2021-11-05,,
2608,嘉里大榮        ,"176,000","85,000","91,000",0,0,0,0,0,0,"2,895","7,019","5,124","1,895","1,000",0,"1,000","93,895",2021-11-08,,
2608,嘉里大榮        ,"245,000","110,000","135,000",0,0,0,0,0,0,"8,247","20,000","12,753","7,247","1,000",0,"1,000","143,247",2021-11-09,,
2608,嘉里大榮        ,"271,000","89,000","182,000",0,0,0,0,0,0,0,"4,000","4,000",0,0,0,0,"182,000",2021-11-10,,
2608,嘉里大榮        ,"222,000","180,000","42,000",0,0,0,0,0,0,56,"8,360","5,304","3,056",0,"3,000","-3,000","42,056",2021-11-11,,
2608,嘉里大榮        ,"226,000","113,000","113,000",0,0,0,0,0,0,"7,000","12,000","4,000","8,000",0,"1,000","-1,000","120,000",2021-11-12,,
2608,嘉里大榮        ,"302,000","62,000","240,000",0,0,0,0,0,0,"1,487","9,549","7,062","2,487",0,"1,000","-1,000","241,487",2021-11-15,,
2608,嘉里大榮        ,"527,000","185,000","342,000",0,0,0,0,0,0,"-6,195","16,835","22,030","-5,195","1,000","2,000","-1,000","335,805",2021-11-16,,
2608,嘉里大榮        ,"78,000","372,000","-294,000",0,0,0,0,0,0,"-1,574","4,000","4,574",-574,0,"1,000","-1,000","-295,574",2021-11-17,,
2608,嘉里大榮        ,"165,000","81,000","84,000",0,0,0,0,0,0,"1,919","4,000","2,081","1,919",0,0,0,"85,919",2021-11-18,,
2608,嘉里大榮        ,"72,000","181,001","-109,001",0,0,0,0,0,0,-410,"5,000","5,410",-410,0,0,0,"-109,411",2021-11-19,,
2608,嘉里大榮        ,"302,000","68,000","234,000",0,0,0,0,0,0,"3,000","7,000","4,000","3,000",0,0,0,"237,000",2021-11-22,,
2608,嘉里大榮        ,"71,000","109,000","-38,000",0,0,0,0,0,0,-297,"6,000","6,297",-297,0,0,0,"-38,297",2021-11-23,,
2608,嘉里大榮        ,"340,000","50,000","290,000",0,0,0,0,0,0,"8,228","13,228","5,000","8,228",0,0,0,"298,228",2021-11-24,,
2608,嘉里大榮        ,"136,000","73,000","63,000",0,0,0,0,0,0,-39,"4,011","4,050",-39,0,0,0,"62,961",2021-11-25,,
2608,嘉里大榮        ,"107,000","367,000","-260,000",0,0,0,0,0,0,"-4,051","10,000","14,051","-4,051",0,0,0,"-264,051",2021-11-26,,
2608,嘉里大榮        ,"915,000","914,000","1,000",0,0,0,0,0,0,"12,409","62,999","59,590","3,409","12,000","3,000","9,000","13,409",2021-11-29,,
2608,嘉里大榮        ,"1,009,000","1,847,000","-838,000",0,0,0,0,0,0,"117,327","37,643","37,414",229,"120,000","2,902","117,098","-720,673",2021-11-30,,
2608,嘉里大榮        ,"491,000","1,329,000","-838,000",0,0,0,0,0,0,"19,146","48,346","30,994","17,352","3,000","1,206","1,794","-818,854",2021-12-01,,
2608,嘉里大榮        ,"259,000","500,000","-241,000",0,0,0,0,0,0,"-1,827","13,332","18,159","-4,827","3,000",0,"3,000","-242,827",2021-12-02,,
2608,嘉里大榮        ,"91,000","206,000","-115,000",0,0,0,0,0,0,"8,267","7,000","9,733","-2,733","11,000",0,"11,000","-106,733",2021-12-03,,
2608,嘉里大榮        ,"111,000","135,000","-24,000",0,0,0,0,0,0,-161,"1,000","1,161",-161,0,0,0,"-24,161",2021-12-06,,
2608,嘉里大榮        ,"129,000","78,000","51,000",0,0,0,0,0,0,"-3,000","6,000","9,000","-3,000",0,0,0,"48,000",2021-12-07,,
2608,嘉里大榮        ,"145,000","127,000","18,000",0,0,0,0,0,0,"2,136","4,000",864,"3,136",0,"1,000","-1,000","20,136",2021-12-08,,
2608,嘉里大榮        ,"46,000","22,000","24,000",0,0,0,0,0,0,"3,000","11,000","8,000","3,000",0,0,0,"27,000",2021-12-09,,
2608,嘉里大榮        ,"224,000","427,000","-203,000",0,0,0,0,0,0,"1,928","19,099","18,171",928,"1,000",0,"1,000","-201,072",2021-12-10,,
2608,嘉里大榮        ,"59,000","368,000","-309,000",0,0,0,0,0,0,-947,"1,000","1,947",-947,0,0,0,"-309,947",2021-12-13,,
2608,嘉里大榮        ,"117,000","190,000","-73,000",0,0,0,0,0,0,"-2,192","9,000","8,192",808,0,"3,000","-3,000","-75,192",2021-12-14,,
2608,嘉里大榮        ,"55,000","158,000","-103,000",0,0,0,0,0,0,"-1,702",0,702,-702,0,"1,000","-1,000","-104,702",2021-12-15,,
2608,嘉里大榮        ,"39,000","202,000","-163,000",0,0,0,0,0,0,"-5,256","2,000","7,256","-5,256",0,0,0,"-168,256",2021-12-16,,
2608,嘉里大榮        ,"323,000","93,000","230,000",0,0,0,0,0,0,-183,"17,000","17,183",-183,0,0,0,"229,817",2021-12-17,,
2608,嘉里大榮        ,"31,000","218,000","-187,000",0,0,0,0,0,0,"-16,098","7,000","24,098","-17,098","1,000",0,"1,000","-203,098",2021-12-20,,
2608,嘉里大榮        ,"324,000","121,000","203,000",0,0,0,0,0,0,344,"8,344","8,000",344,0,0,0,"203,344",2021-12-21,,
2608,嘉里大榮        ,"61,000","178,000","-117,000",0,0,0,0,0,0,-3,"7,000","7,003",-3,0,0,0,"-117,003",2021-12-22,,
2608,嘉里大榮        ,"123,000","117,000","6,000",0,0,0,0,0,0,"-2,331","6,000","6,331",-331,0,"2,000","-2,000","3,669",2021-12-23,,
2608,嘉里大榮        ,"133,000","39,000","94,000",0,0,0,0,0,0,"-3,000","19,000","19,000",0,0,"3,000","-3,000","91,000",2021-12-24,,
2608,嘉里大榮        ,"508,000","85,000","423,000",0,0,0,0,0,0,-757,"7,243","8,000",-757,0,0,0,"422,243",2021-12-27,,
2608,嘉里大榮        ,"194,000","39,000","155,000",0,0,0,0,0,0,0,0,0,0,0,0,0,"155,000",2021-12-28,,
2608,嘉里大榮        ,"303,000","35,000","268,000",0,0,0,"1,000",0,"1,000","8,024","8,024",0,"8,024",0,0,0,"277,024",2021-12-29,,
2608,嘉里大榮        ,"204,000","37,000","167,000",0,0,0,0,0,0,36,36,0,36,0,0,0,"167,036",2021-12-30,,
2608,嘉里大榮        ,"166,280","87,006","79,274",0,0,0,0,0,0,320,320,0,320,0,0,0,"79,594",2022-01-03,,
2608,嘉里大榮        ,"727,000","149,000","578,000",0,0,0,0,0,0,"206,635",637,"1,002",-365,"207,000",0,"207,000","784,635",2022-01-04,,
2608,嘉里大榮        ,"184,000","623,000","-439,000",0,0,0,0,0,0,"-133,619",31,"3,650","-3,619","9,000","139,000","-130,000","-572,619",2022-01-05,,
2608,嘉里大榮        ,"669,000","701,000","-32,000",0,0,0,0,0,0,"-17,252","4,037","5,289","-1,252",0,"16,000","-16,000","-49,252",2022-01-06,,
2608,嘉里大榮        ,"2,299,000","858,000","1,441,000",0,0,0,0,0,0,"160,101","9,101","3,000","6,101","175,000","21,000","154,000","1,601,101",2022-01-07,,
2608,嘉里大榮        ,"604,000","1,402,000","-798,000",0,0,0,0,0,0,"41,000","31,000","27,000","4,000","37,000",0,"37,000","-757,000",2022-01-10,,
2608,嘉里大榮        ,"1,668,000","4,431,000","-2,763,000",0,0,0,0,0,0,"-168,226","189,684","185,375","4,309","16,000","188,535","-172,535","-2,931,226",2022-01-11,,
2608,嘉里大榮        ,"3,966,000","11,555,000","-7,589,000",0,0,0,0,0,0,"180,818","440,235","438,417","1,818","290,000","111,000","179,000","-7,408,182",2022-01-12,,
2608,嘉里大榮        ,"2,813,000","4,280,000","-1,467,000",0,0,0,0,0,0,"-14,208","442,983","443,853",-870,"24,000","37,338","-13,338","-1,481,208",2022-01-13,,
2608,嘉里大榮        ,"2,081,000","2,376,000","-295,000",0,0,0,0,0,0,"-37,051","184,880","187,931","-3,051","14,000","48,000","-34,000","-332,051",2022-01-14,,
2608,嘉里大榮        ,"874,000","1,344,000","-470,000",0,0,0,0,0,0,"-10,975","78,001","83,976","-5,975",0,"5,000","-5,000","-480,975",2022-01-17,,
2608,嘉里大榮        ,"659,000","879,000","-220,000",0,0,0,0,0,0,"-27,000","48,000","58,000","-10,000","4,000","21,000","-17,000","-247,000",2022-01-18,,
2608,嘉里大榮        ,"654,000","739,000","-85,000",0,0,0,0,0,0,"-29,589","41,000","48,589","-7,589","2,000","24,000","-22,000","-114,589",2022-01-19,,
2608,嘉里大榮        ,"324,000","705,000","-381,000",0,0,0,0,0,0,"92,241","39,112","40,871","-1,759","115,000","21,000","94,000","-288,759",2022-01-20,,
2608,嘉里大榮        ,"755,000","813,000","-58,000",0,0,0,0,0,0,"-32,429","92,016","115,445","-23,429","3,000","12,000","-9,000","-90,429",2022-01-21,,
2608,嘉里大榮        ,"1,150,000","1,194,000","-44,000",0,0,0,0,0,0,-203,"88,000","88,203",-203,"1,000","1,000",0,"-44,203",2022-01-24,,
2608,嘉里大榮        ,"548,000","1,093,000","-545,000",0,0,0,0,0,0,"-12,343","30,121","42,464","-12,343",0,0,0,"-557,343",2022-01-25,,
2608,嘉里大榮        ,"420,000","419,000","1,000",0,0,0,0,0,0,"-7,067","49,000","52,067","-3,067","1,000","5,000","-4,000","-6,067",2022-01-26,,
2608,嘉里大榮        ,"415,000","313,000","102,000",0,0,0,0,0,0,"5,021","33,083","28,062","5,021",0,0,0,"107,021",2022-02-07,,
2608,嘉里大榮        ,"636,000","454,000","182,000",0,0,0,0,0,0,"-1,810","42,346","44,156","-1,810",0,0,0,"180,190",2022-02-08,,
2608,嘉里大榮        ,"376,000","512,000","-136,000",0,0,0,0,0,0,"10,050","44,000","28,950","15,050",0,"5,000","-5,000","-125,950",2022-02-09,,
2608,嘉里大榮        ,"222,000","344,000","-122,000",0,0,0,0,0,0,"-3,001","23,000","26,001","-3,001",0,0,0,"-125,001",2022-02-10,,
2608,嘉里大榮        ,"606,000","888,000","-282,000",0,0,0,0,0,0,"37,653","118,000","114,347","3,653","34,000",0,"34,000","-244,347",2022-02-11,,
2608,嘉里大榮        ,"161,000","276,000","-115,000",0,0,0,0,0,0,"-6,510","4,000","6,510","-2,510",0,"4,000","-4,000","-121,510",2022-02-14,,
2608,嘉里大榮        ,"129,000","197,000","-68,000",0,0,0,0,0,0,"-18,010","1,000","2,010","-1,010",0,"17,000","-17,000","-86,010",2022-02-15,,
2608,嘉里大榮        ,"95,000","60,000","35,000",0,0,0,0,0,0,"7,430","9,000",570,"8,430",0,"1,000","-1,000","42,430",2022-02-16,,
2608,嘉里大榮        ,"165,000","206,000","-41,000",0,0,0,0,"44,000","-44,000","-8,728","6,000","2,728","3,272",0,"12,000","-12,000","-93,728",2022-02-17,,
2608,嘉里大榮        ,"181,000","95,000","86,000",0,0,0,0,0,0,902,"1,144",242,902,0,0,0,"86,902",2022-02-18,,
2608,嘉里大榮        ,"332,000","380,000","-48,000",0,0,0,0,0,0,"3,216",316,100,216,"3,000",0,"3,000","-44,784",2022-02-21,,
2608,嘉里大榮        ,"97,000","305,000","-208,000",0,0,0,0,0,0,"-15,450","4,000","19,450","-15,450",0,0,0,"-223,450",2022-02-22,,
2608,嘉里大榮        ,"73,000","124,000","-51,000",0,0,0,0,0,0,"4,604","6,000","1,396","4,604",0,0,0,"-46,396",2022-02-23,,
2608,嘉里大榮        ,"385,000","580,000","-195,000",0,0,0,0,0,0,"-23,029","6,000","19,029","-13,029",0,"10,000","-10,000","-218,029",2022-02-24,,
2608,嘉里大榮        ,"103,000","199,000","-96,000",0,0,0,0,0,0,"-2,104","2,000","3,104","-1,104",0,"1,000","-1,000","-98,104",2022-02-25,,
2608,嘉里大榮        ,"210,000","72,000","138,000",0,0,0,0,0,0,"9,000","10,000",0,"10,000",0,"1,000","-1,000","147,000",2022-03-01,,
2608,嘉里大榮        ,"74,000","81,000","-7,000",0,0,0,0,0,0,"11,194","19,000","2,806","16,194",0,"5,000","-5,000","4,194",2022-03-02,,
2608,嘉里大榮        ,"121,000","58,000","63,000",0,0,0,0,0,0,62,"1,000",938,62,0,0,0,"63,062",2022-03-03,,
2608,嘉里大榮        ,"69,000","133,000","-64,000",0,0,0,0,0,0,"-6,351",0,"5,351","-5,351",0,"1,000","-1,000","-70,351",2022-03-04,,
2608,嘉里大榮        ,"235,000","430,000","-195,000",0,0,0,0,0,0,"-7,588","10,000","15,588","-5,588",0,"2,000","-2,000","-202,588",2022-03-07,,
2608,嘉里大榮        ,"359,000","364,000","-5,000",0,0,0,0,0,0,"-11,125","11,000","21,120","-10,120",0,"1,005","-1,005","-16,125",2022-03-08,,
2608,嘉里大榮        ,"277,000","154,000","123,000",0,0,0,0,0,0,"-14,379","3,000","9,379","-6,379",0,"8,000","-8,000","108,621",2022-03-09,,
2608,嘉里大榮        ,"244,000","354,000","-110,000",0,0,0,0,0,0,"-3,839","3,000","5,839","-2,839",0,"1,000","-1,000","-113,839",2022-03-10,,
2608,嘉里大榮        ,"213,000","130,000","83,000",0,0,0,0,0,0,"-1,069","3,000","3,069",-69,0,"1,000","-1,000","81,931",2022-03-11,,
2608,嘉里大榮        ,"138,000","108,000","30,000",0,0,0,0,0,0,528,"1,000",472,528,0,0,0,"30,528",2022-03-14,,
2608,嘉里大榮        ,"136,000","157,000","-21,000",0,0,0,0,0,0,-532,"1,000","1,532",-532,0,0,0,"-21,532",2022-03-15,,
2608,嘉里大榮        ,"252,000","265,000","-13,000",0,0,0,0,0,0,-50,0,50,-50,0,0,0,"-13,050",2022-03-16,,
2608,嘉里大榮        ,"864,000","103,000","761,000",0,0,0,0,0,0,"2,000",0,0,0,"2,000",0,"2,000","763,000",2022-03-17,,
2608,嘉里大榮        ,"314,000","109,000","205,000",0,0,0,0,0,0,-57,2,59,-57,"1,000","1,000",0,"204,943",2022-03-18,,
2608,嘉里大榮        ,"104,000","95,000","9,000",0,0,0,0,0,0,"-2,689","2,000","4,689","-2,689",0,0,0,"6,311",2022-03-21,,
2608,嘉里大榮        ,"57,000","207,000","-150,000",0,0,0,0,0,0,"2,379","5,000","2,621","2,379",0,0,0,"-147,621",2022-03-22,,
2608,嘉里大榮        ,"320,000","104,000","216,000",0,0,0,0,0,0,"16,000","17,000","1,000","16,000",0,0,0,"232,000",2022-03-23,,
2608,嘉里大榮        ,"109,000","248,000","-139,000",0,0,0,0,0,0,259,"2,003","1,744",259,0,0,0,"-138,741",2022-03-24,,
2608,嘉里大榮        ,"66,000","303,000","-237,000",0,0,0,0,0,0,-126,"1,000","1,126",-126,0,0,0,"-237,126",2022-03-25,,
2608,嘉里大榮        ,"780,000","780,000",0,0,0,0,0,0,0,"600,025","4,000","3,975",25,"616,000","16,000","600,000","600,025",2022-03-28,,
2608,嘉里大榮        ,"226,000","355,274","-129,274",0,0,0,0,0,0,"-309,074","198,000","35,074","162,926","124,000","596,000","-472,000","-438,348",2022-03-29,,
2608,嘉里大榮        ,"448,329","211,000","237,329",0,0,0,0,0,0,"79,817","133,242","60,425","72,817","12,000","5,000","7,000","317,146",2022-03-30,,
2608,嘉里大榮        ,"325,000","265,842","59,158",0,0,0,0,0,0,"62,169","131,871","61,702","70,169","5,000","13,000","-8,000","121,327",2022-03-31,,
2608,嘉里大榮        ,"400,000","825,000","-425,000",0,0,0,0,0,0,"88,059","184,000","94,941","89,059",0,"1,000","-1,000","-336,941",2022-04-01,,
2608,嘉里大榮        ,"319,000","524,982","-205,982",0,0,0,0,0,0,971,"1,000",0,"1,000",0,29,-29,"-205,011",2022-04-06,,
2608,嘉里大榮        ,"266,000","484,000","-218,000",0,0,0,0,0,0,"-2,500",0,"1,432","-1,432",0,"1,068","-1,068","-220,500",2022-04-07,,
2608,嘉里大榮        ,"140,000","135,000","5,000",0,0,0,0,0,0,"-5,000",0,0,0,0,"5,000","-5,000",0,2022-04-08,,
2608,嘉里大榮        ,"261,000","356,000","-95,000",0,0,0,0,0,0,"-8,592",0,"3,338","-3,338",0,"5,254","-5,254","-103,592",2022-04-11,,
2608,嘉里大榮        ,"219,000","221,000","-2,000",0,0,0,0,0,0,-458,0,0,0,0,458,-458,"-2,458",2022-04-12,,
2608,嘉里大榮        ,"180,684","118,000","62,684",0,0,0,0,0,0,"-5,000",0,0,0,0,"5,000","-5,000","57,684",2022-04-13,,
2608,嘉里大榮        ,"603,000","46,000","557,000",0,0,0,0,0,0,"5,000",0,0,0,"6,000","1,000","5,000","562,000",2022-04-14,,
2608,嘉里大榮        ,"289,000","239,000","50,000",0,0,0,0,0,0,"-15,550",0,"11,000","-11,000",0,"4,550","-4,550","34,450",2022-04-15,,
2608,嘉里大榮        ,"525,000","496,000","29,000",0,0,0,0,0,0,"-72,000",0,"70,000","-70,000",0,"2,000","-2,000","-43,000",2022-04-18,,
2608,嘉里大榮        ,"101,000","330,000","-229,000",0,0,0,0,0,0,"-57,000","5,000","64,000","-59,000","2,000",0,"2,000","-286,000",2022-04-19,,
2608,嘉里大榮        ,"595,000","262,622","332,378",0,0,0,0,0,0,-564,"1,000","1,000",0,"2,436","3,000",-564,"331,814",2022-04-20,,
2608,嘉里大榮        ,"520,000","183,000","337,000",0,0,0,0,0,0,"-1,000",0,0,0,0,"1,000","-1,000","336,000",2022-04-21,,
2608,嘉里大榮        ,"1,472,000","1,175,000","297,000",0,0,0,0,0,0,"219,299",0,"194,000","-194,000","413,299",0,"413,299","516,299",2022-04-22,,
2608,嘉里大榮        ,"4,066,080","3,018,000","1,048,080",0,0,0,0,0,0,"15,294","13,000","18,000","-5,000","310,887","290,593","20,294","1,063,374",2022-04-25,,
2608,嘉里大榮        ,"1,435,000","2,863,680","-1,428,680",0,0,0,0,0,0,"-322,430","1,000","1,000",0,"4,000","326,430","-322,430","-1,751,110",2022-04-26,,
2608,嘉里大榮        ,"1,042,255","1,495,219","-452,964",0,0,0,0,0,0,"649,452","2,000","35,282","-33,282","692,001","9,267","682,734","196,488",2022-04-27,,
2608,嘉里大榮        ,"383,000","815,000","-432,000",0,0,0,0,0,0,"-216,949","7,051","6,000","1,051","248,000","466,000","-218,000","-648,949",2022-04-28,,
2608,嘉里大榮        ,"386,000","298,000","88,000",0,0,0,0,0,0,"-393,000",0,0,0,"1,000","394,000","-393,000","-305,000",2022-04-29,,
2608,嘉里大榮        ,"227,000","200,000","27,000",0,0,0,0,0,0,"-39,004",0,0,0,0,"39,004","-39,004","-12,004",2022-05-03,,
2608,嘉里大榮        ,"210,000","373,000","-163,000",0,0,0,0,0,0,"2,931","2,000","1,069",931,"3,000","1,000","2,000","-160,069",2022-05-04,,
2608,嘉里大榮        ,"136,000","214,000","-78,000",0,0,0,0,0,0,"2,000","2,000",0,"2,000",0,0,0,"-76,000",2022-05-05,,
2608,嘉里大榮        ,"310,000","281,000","29,000",0,0,0,0,0,0,"-6,554",668,"4,000","-3,332",0,"3,222","-3,222","22,446",2022-05-06,,
2608,嘉里大榮        ,"320,000","612,000","-292,000",0,0,0,0,0,0,"-40,000","5,000","5,000",0,0,"40,000","-40,000","-332,000",2022-05-09,,
2608,嘉里大榮        ,"167,000","290,000","-123,000",0,0,0,0,0,0,"-1,951","5,129",0,"5,129",0,"7,080","-7,080","-124,951",2022-05-10,,
2608,嘉里大榮        ,"114,000","264,000","-150,000",0,0,0,0,0,0,"-1,000",0,0,0,0,"1,000","-1,000","-151,000",2022-05-11,,
2608,嘉里大榮        ,"131,000","328,000","-197,000",0,0,0,0,0,0,"-22,537",0,"1,000","-1,000","1,000","22,537","-21,537","-219,537",2022-05-12,,
2608,嘉里大榮        ,"292,000","267,000","25,000",0,0,0,0,0,0,0,"7,000",0,"7,000",0,"7,000","-7,000","25,000",2022-05-13,,
2608,嘉里大榮        ,"533,000","144,000","389,000",0,0,0,0,0,0,"17,000","7,000",0,"7,000","10,000",0,"10,000","406,000",2022-05-16,,
2608,嘉里大榮        ,"110,000","358,000","-248,000",0,0,0,0,0,0,"-1,000","6,000","2,000","4,000","2,000","7,000","-5,000","-249,000",2022-05-17,,
2608,嘉里大榮        ,"204,000","307,445","-103,445",0,0,0,0,0,0,"-1,000",0,0,0,0,"1,000","-1,000","-104,445",2022-05-18,,
2608,嘉里大榮        ,"149,000","385,000","-236,000",0,0,0,0,0,0,363,"1,000",0,"1,000",0,637,-637,"-235,637",2022-05-19,,
2608,嘉里大榮        ,"142,000","68,000","74,000",0,0,0,0,0,0,4,4,0,4,0,0,0,"74,004",2022-05-20,,
2608,嘉里大榮        ,"248,000","123,000","125,000",0,0,0,0,0,0,"14,000","7,000",0,"7,000","7,000",0,"7,000","139,000",2022-05-23,,
2608,嘉里大榮        ,"14,000","193,000","-179,000",0,0,0,0,0,0,"-6,000",0,0,0,"1,000","7,000","-6,000","-185,000",2022-05-24,,
2608,嘉里大榮        ,"136,000","56,000","80,000",0,0,0,0,0,0,"44,000","46,000","1,000","45,000",0,"1,000","-1,000","124,000",2022-05-25,,
2608,嘉里大榮        ,"144,000","187,000","-43,000",0,0,0,0,0,0,"3,930","4,000",70,"3,930",0,0,0,"-39,070",2022-05-26,,
2608,嘉里大榮        ,"47,000","78,000","-31,000",0,0,0,0,0,0,"13,533","14,370",443,"13,927",0,394,-394,"-17,467",2022-05-27,,
2608,嘉里大榮        ,"402,000","9,000","393,000",0,0,0,0,0,0,"3,984","11,000","1,016","9,984","1,000","7,000","-6,000","396,984",2022-05-30,,
2608,嘉里大榮        ,"190,000","122,000","68,000",0,0,0,0,0,0,"-3,000","1,000","3,000","-2,000",0,"1,000","-1,000","65,000",2022-05-31,,
2608,嘉里大榮        ,"216,000","48,000","168,000",0,0,0,0,0,0,1,1,0,1,0,0,0,"168,001",2022-06-01,,
2608,嘉里大榮        ,"60,000","109,000","-49,000",0,0,0,0,0,0,-618,"1,000","1,618",-618,0,0,0,"-49,618",2022-06-02,,
2608,嘉里大榮        ,"92,475","28,000","64,475",0,0,0,0,0,0,"1,668","4,000","2,332","1,668",0,0,0,"66,143",2022-06-06,,
2608,嘉里大榮        ,"167,000","97,000","70,000",0,0,0,0,0,0,"-1,091",0,91,-91,0,"1,000","-1,000","68,909",2022-06-07,,
2608,嘉里大榮        ,"87,000","38,000","49,000",0,0,0,0,0,0,"10,000","17,000","1,000","16,000",0,"6,000","-6,000","59,000",2022-06-08,,
2608,嘉里大榮        ,"215,000","67,000","148,000",0,0,0,0,0,0,0,0,0,0,0,0,0,"148,000",2022-06-09,,
2608,嘉里大榮        ,"86,500","320,000","-233,500",0,0,0,0,0,0,"4,126","7,000","2,874","4,126",0,0,0,"-229,374",2022-06-10,,
2608,嘉里大榮        ,"53,000","396,000","-343,000",0,0,0,0,0,0,"-11,188","2,000","7,188","-5,188",0,"6,000","-6,000","-354,188",2022-06-13,,
2608,嘉里大榮        ,"81,500","332,000","-250,500",0,0,0,0,0,0,"-21,339","7,000","4,339","2,661",0,"24,000","-24,000","-271,839",2022-06-14,,
2608,嘉里大榮        ,"255,246","150,000","105,246",0,0,0,0,0,0,"-18,000","4,000","11,000","-7,000",0,"11,000","-11,000","87,246",2022-06-15,,
2608,嘉里大榮        ,"294,000","136,000","158,000",0,0,0,0,0,0,"-32,543","1,000","28,543","-27,543",0,"5,000","-5,000","125,457",2022-06-16,,
2608,嘉里大榮        ,"246,000","366,000","-120,000",0,0,0,0,0,0,"-4,898","4,000","2,791","1,209",0,"6,107","-6,107","-124,898",2022-06-17,,
2608,嘉里大榮        ,"34,000","233,000","-199,000",0,0,0,0,0,0,"-3,958","7,000","4,933","2,067","1,000","7,025","-6,025","-202,958",2022-06-20,,
2608,嘉里大榮        ,"422,000","66,000","356,000",0,0,0,0,0,0,"42,432","45,432",0,"45,432",0,"3,000","-3,000","398,432",2022-06-21,,
2608,嘉里大榮        ,"70,000","291,000","-221,000",0,0,0,0,0,0,"20,701","22,000","1,299","20,701",0,0,0,"-200,299",2022-06-22,,
2608,嘉里大榮        ,"213,000","189,000","24,000",0,0,0,0,0,0,"70,764","71,163",399,"70,764",0,0,0,"94,764",2022-06-23,,
2608,嘉里大榮        ,"450,000","53,000","397,000",0,0,0,0,0,0,"141,000","142,000","1,000","141,000",0,0,0,"538,000",2022-06-24,,
2608,嘉里大榮        ,"481,000","61,000","420,000",0,0,0,0,0,0,"104,000","104,000",0,"104,000","3,000","3,000",0,"524,000",2022-06-27,,
2608,嘉里大榮        ,"164,000","194,000","-30,000",0,0,0,0,0,0,-930,71,1,70,0,"1,000","-1,000","-30,930",2022-06-28,,
2608,嘉里大榮        ,"123,000","142,000","-19,000",0,0,0,0,0,0,-795,205,0,205,0,"1,000","-1,000","-19,795",2022-06-29,,
2608,嘉里大榮        ,"349,000","349,000",0,0,0,0,0,0,0,"-3,000",0,0,0,"1,000","4,000","-3,000","-3,000",2022-06-30,,
2608,嘉里大榮        ,"77,000","430,000","-353,000",0,0,0,0,0,0,"17,297","37,459","15,272","22,187","7,000","11,890","-4,890","-335,703",2022-07-01,,
2608,嘉里大榮        ,"214,000","137,000","77,000",0,0,0,0,0,0,"10,697","29,000",0,"29,000","1,000","19,303","-18,303","87,697",2022-07-04,,
2608,嘉里大榮        ,"624,000","195,000","429,000",0,0,0,0,0,0,"41,259","23,497","1,000","22,497","19,001",239,"18,762","470,259",2022-07-05,,
2608,嘉里大榮        ,"177,000","124,000","53,000",0,0,0,0,0,0,"-21,063",0,"2,036","-2,036","2,000","21,027","-19,027","31,937",2022-07-06,,
2608,嘉里大榮        ,"132,000","134,000","-2,000",0,0,0,0,0,0,"-8,972",0,"7,000","-7,000","1,000","2,972","-1,972","-10,972",2022-07-07,,
2608,嘉里大榮        ,"80,000","139,000","-59,000",0,0,0,0,0,0,-11,0,"2,000","-2,000","3,000","1,011","1,989","-59,011",2022-07-08,,
2608,嘉里大榮        ,"83,000","74,000","9,000",0,0,0,0,0,0,"-3,016",0,"3,000","-3,000",0,16,-16,"5,984",2022-07-11,,
2608,嘉里大榮        ,"39,000","451,000","-412,000",0,0,0,0,0,0,"-5,717",0,"4,000","-4,000","5,000","6,717","-1,717","-417,717",2022-07-12,,
2608,嘉里大榮        ,"116,000","302,000","-186,000",0,0,0,0,0,0,"15,599","17,000","2,301","14,699","1,000",100,900,"-170,401",2022-07-13,,
2608,嘉里大榮        ,"555,000","84,000","471,000",0,0,0,0,0,0,0,"1,000",0,"1,000",0,"1,000","-1,000","471,000",2022-07-14,,
2608,嘉里大榮        ,"308,000","77,000","231,000",0,0,0,"29,000",0,"29,000","-2,000",0,"2,000","-2,000",0,0,0,"258,000",2022-07-15,,
2608,嘉里大榮        ,"127,000","152,000","-25,000",0,0,0,0,0,0,"3,765","1,000",0,"1,000","3,000",235,"2,765","-21,235",2022-07-18,,
2608,嘉里大榮        ,"281,000","116,000","165,000",0,0,0,0,0,0,"67,000","1,000","1,000",0,"71,000","4,000","67,000","232,000",2022-07-19,,
2608,嘉里大榮        ,"244,000","398,000","-154,000",0,0,0,0,0,0,"-5,000","1,000","7,000","-6,000","21,000","20,000","1,000","-159,000",2022-07-20,,
2608,嘉里大榮        ,"197,000","143,000","54,000",0,0,0,"27,000",0,"27,000","123,000","3,000",0,"3,000","123,000","3,000","120,000","204,000",2022-07-21,,
2608,嘉里大榮        ,"353,000","189,000","164,000",0,0,0,"50,000",0,"50,000","-188,000","1,000","4,000","-3,000","15,000","200,000","-185,000","26,000",2022-07-22,,
2608,嘉里大榮        ,"142,000","52,000","90,000",0,0,0,"2,000",0,"2,000","-4,000","1,000","1,000",0,0,"4,000","-4,000","88,000",2022-07-25,,
2608,嘉里大榮        ,"135,000","80,000","55,000",0,0,0,0,0,0,"-2,000","1,000","2,000","-1,000",0,"1,000","-1,000","53,000",2022-07-26,,
2608,嘉里大榮        ,"216,000","72,000","144,000",0,0,0,"1,000",0,"1,000","1,000",0,0,0,"1,000",0,"1,000","146,000",2022-07-27,,
2608,嘉里大榮        ,"112,000","170,000","-58,000",0,0,0,0,0,0,0,0,0,0,0,0,0,"-58,000",2022-07-28,,
2608,嘉里大榮        ,"175,000","98,000","77,000",0,0,0,0,0,0,0,0,0,0,0,0,0,"77,000",2022-07-29,,
2608,嘉里大榮        ,"217,000","75,000","142,000",0,0,0,0,0,0,0,0,0,0,0,0,0,"142,000",2022-08-01,,
2608,嘉里大榮        ,"610,000","217,000","393,000",0,0,0,"1,000",0,"1,000","43,000",0,"2,000","-2,000","45,000",0,"45,000","437,000",2022-08-02,,
2608,嘉里大榮        ,"731,000","440,000","291,000",0,0,0,"1,000",0,"1,000","29,012","1,000","3,000","-2,000","53,012","22,000","31,012","321,012",2022-08-03,,
2608,嘉里大榮        ,"1,939,000","599,000","1,340,000",0,0,0,0,0,0,"-42,510","1,000","20,000","-19,000","35,490","59,000","-23,510","1,297,490",2022-08-04,,
2608,嘉里大榮        ,"110,000","561,000","-451,000",0,0,0,"1,000",0,"1,000","-10,000",0,0,0,"7,000","17,000","-10,000","-460,000",2022-08-05,,
2608,嘉里大榮        ,"70,000","148,000","-78,000",0,0,0,0,0,0,"-3,000","2,000",0,"2,000",0,"5,000","-5,000","-81,000",2022-08-08,,
2608,嘉里大榮        ,"32,000","116,000","-84,000",0,0,0,0,0,0,"2,000","3,000",0,"3,000",0,"1,000","-1,000","-82,000",2022-08-09,,
2608,嘉里大榮        ,"97,000","83,000","14,000",0,0,0,0,0,0,"-12,000","1,000","14,000","-13,000","1,000",0,"1,000","2,000",2022-08-10,,
2608,嘉里大榮        ,"45,000","141,000","-96,000",0,0,0,0,0,0,-456,"1,000",0,"1,000",0,"1,456","-1,456","-96,456",2022-08-11,,
2608,嘉里大榮        ,"74,000","114,000","-40,000",0,0,0,0,0,0,0,0,0,0,0,0,0,"-40,000",2022-08-12,,
2608,嘉里大榮        ,"30,000","97,000","-67,000",0,0,0,"1,000",0,"1,000",0,,,,,,,"-85,000",2022-08-15,0,0
2608,嘉里大榮        ,"46,000","33,000","13,000",0,0,0,"1,000",0,"1,000",0,0,0,0,0,0,0,"14,000",2022-08-16,,
2608,嘉里大榮        ,"227,000","110,000","117,000",0,0,0,0,0,0,"21,999","2,000",0,"2,000","21,000","1,001","19,999","138,999",2022-08-17,,
2608,嘉里大榮        ,"37,000","72,000","-35,000",0,0,0,0,0,0,"-4,000","2,000","6,000","-4,000",0,0,0,"-39,000",2022-08-18,,
2608,嘉里大榮        ,"137,000","98,000","39,000",0,0,0,"1,000",0,"1,000","45,000",0,0,0,"45,000",0,"45,000","85,000",2022-08-19,,
2608,嘉里大榮        ,"103,000","107,000","-4,000",0,0,0,0,0,0,"-28,000",0,0,0,0,"28,000","-28,000","-32,000",2022-08-22,,
2608,嘉里大榮        ,"46,000","38,000","8,000",0,0,0,0,0,0,"-1,348",0,"1,348","-1,348",0,0,0,"6,652",2022-08-23,,
2608,嘉里大榮        ,"254,000","110,000","144,000",0,0,0,0,0,0,"-8,000",0,0,0,0,"8,000","-8,000","136,000",2022-08-24,,
2608,嘉里大榮        ,"216,000","62,000","154,000",0,0,0,0,0,0,"10,000","9,000",0,"9,000","1,000",0,"1,000","164,000",2022-08-25,,
2608,嘉里大榮        ,"89,000","36,000","53,000",0,0,0,0,0,0,"-1,000",0,0,0,0,"1,000","-1,000","52,000",2022-08-26,,
2608,嘉里大榮        ,"83,000","158,000","-75,000",0,0,0,0,0,0,"-37,000",0,"29,000","-29,000",0,"8,000","-8,000","-112,000",2022-08-29,,
2608,嘉里大榮        ,"115,000","33,000","82,000",0,0,0,0,0,0,"-5,000",0,"1,000","-1,000","1,000","5,000","-4,000","77,000",2022-08-30,,
2608,嘉里大榮        ,"90,000","61,000","29,000",0,0,0,0,0,0,"5,000","9,000","3,000","6,000",0,"1,000","-1,000","34,000",2022-08-31,,
2608,嘉里大榮        ,"94,000","56,000","38,000",0,0,0,0,0,0,"-85,256","9,000","93,256","-84,256",0,"1,000","-1,000","-47,256",2022-09-01,,
2608,嘉里大榮        ,"50,000","96,000","-46,000",0,0,0,0,0,0,"11,493","11,000",505,"10,495","1,000",2,998,"-34,507",2022-09-02,,
2608,嘉里大榮        ,"91,000","28,000","63,000",0,0,0,0,0,0,20,"1,020",0,"1,020",0,"1,000","-1,000","63,020",2022-09-05,,
2608,嘉里大榮        ,"111,000","20,000","91,000",0,0,0,0,0,0,"-3,001","1,000","4,000","-3,000",0,1,-1,"87,999",2022-09-06,,
2608,嘉里大榮        ,"137,000","77,000","60,000",0,0,0,0,0,0,"-83,237","4,000","87,000","-83,000",0,237,-237,"-23,237",2022-09-07,,
2608,嘉里大榮        ,"65,000","23,000","42,000",0,0,0,0,0,0,0,0,0,0,0,0,0,"42,000",2022-09-08,,
2608,嘉里大榮        ,"76,000","28,000","48,000",0,0,0,0,0,0,"-1,000","3,000","4,000","-1,000",0,0,0,"47,000",2022-09-12,,
2608,嘉里大榮        ,"57,000","14,000","43,000",0,0,0,"1,000",0,"1,000","4,765","5,000",234,"4,766",0,1,-1,"48,765",2022-09-13,,
2608,嘉里大榮        ,"65,000","90,000","-25,000",0,0,0,0,0,0,"-19,142","6,000","18,142","-12,142",0,"7,000","-7,000","-44,142",2022-09-14,,
2608,嘉里大榮        ,"100,000","33,000","67,000",0,0,0,0,0,0,"67,000","8,000","23,000","-15,000","82,000",0,"82,000","134,000",2022-09-15,,
2608,嘉里大榮        ,"112,000","94,000","18,000",0,0,0,0,0,0,"-46,000","1,000","25,000","-24,000","5,000","27,000","-22,000","-28,000",2022-09-16,,
2608,嘉里大榮        ,"153,000","95,000","58,000",0,0,0,"1,000",0,"1,000","32,887","1,000",0,"1,000","42,000","10,113","31,887","91,887",2022-09-19,,
2608,嘉里大榮        ,"110,000","309,000","-199,000",0,0,0,"1,000",0,"1,000","133,500","42,000","4,000","38,000","124,000","28,500","95,500","-64,500",2022-09-20,,
2608,嘉里大榮        ,"284,000","153,050","130,950",0,0,0,0,0,0,"-138,575",0,"26,008","-26,008","93,000","205,567","-112,567","-7,625",2022-09-21,,
2608,嘉里大榮        ,"105,000","291,000","-186,000",0,0,0,0,0,0,"54,215","24,000","20,680","3,320","68,000","17,105","50,895","-131,785",2022-09-22,,
2608,嘉里大榮        ,"163,000","217,000","-54,000",0,0,0,0,0,0,"-24,130",0,0,0,0,"24,130","-24,130","-78,130",2022-09-23,,
2608,嘉里大榮        ,"71,000","345,000","-274,000",0,0,0,0,0,0,"-12,114",0,"1,000","-1,000","3,000","14,114","-11,114","-286,114",2022-09-26,,
2608,嘉里大榮        ,"133,000","110,000","23,000",0,0,0,"1,000",0,"1,000","-90,376",0,0,0,0,"90,376","-90,376","-66,376",2022-09-27,,
2608,嘉里大榮        ,"65,000","375,000","-310,000",0,0,0,0,0,0,"-5,540",0,0,0,0,"5,540","-5,540","-315,540",2022-09-28,,
2608,嘉里大榮        ,"555,000","109,000","446,000",0,0,0,0,0,0,"-7,000",0,"9,000","-9,000","2,000",0,"2,000","439,000",2022-09-29,,
2608,嘉里大榮        ,"84,000","211,000","-127,000",0,0,0,0,0,0,"3,000","3,000",0,"3,000",0,0,0,"-124,000",2022-09-30,,
2608,嘉里大榮        ,"31,000","69,000","-38,000",0,0,0,0,0,0,"1,000","3,000","2,000","1,000",0,0,0,"-37,000",2022-10-03,,
2608,嘉里大榮        ,"74,000","62,000","12,000",0,0,0,0,0,0,"6,000","6,000",0,"6,000",0,0,0,"18,000",2022-10-04,,
2608,嘉里大榮        ,"61,000","157,000","-96,000",0,0,0,0,0,0,"6,000","7,000","1,000","6,000",0,0,0,"-90,000",2022-10-05,,
2608,嘉里大榮        ,"45,000","94,000","-49,000",0,0,0,"5,000",0,"5,000",0,0,0,0,0,0,0,"-44,000",2022-10-06,,
2608,嘉里大榮        ,"139,000","112,000","27,000",0,0,0,0,0,0,"-3,000",0,"3,000","-3,000",0,0,0,"24,000",2022-10-07,,
2608,嘉里大榮        ,"94,000","176,000","-82,000",0,0,0,0,0,0,"-3,026",0,0,0,0,"3,026","-3,026","-85,026",2022-10-11,,
2608,嘉里大榮        ,"111,000","110,000","1,000",0,0,0,0,"1,000","-1,000",990,"1,000",0,"1,000",0,10,-10,990,2022-10-12,,
2608,嘉里大榮        ,"87,000","348,000","-261,000",0,0,0,0,0,0,"-10,962",0,"6,000","-6,000",0,"4,962","-4,962","-271,962",2022-10-13,,
2608,嘉里大榮        ,"145,000","117,000","28,000",0,0,0,0,0,0,"3,076","11,000","7,000","4,000",0,924,-924,"31,076",2022-10-14,,
2608,嘉里大榮        ,"111,000","271,000","-160,000",0,0,0,0,0,0,"1,000","5,000","4,000","1,000",0,0,0,"-159,000",2022-10-17,,
2608,嘉里大榮        ,"128,000","82,000","46,000",0,0,0,"1,000",0,"1,000","24,000","24,000",0,"24,000",0,0,0,"71,000",2022-10-18,,
2608,嘉里大榮        ,"292,000","140,000","152,000",0,0,0,0,0,0,"5,974","11,000","5,000","6,000",0,26,-26,"157,974",2022-10-19,,
2608,嘉里大榮        ,"525,000","1,140,365","-615,365",0,0,0,0,0,0,"18,051","24,000",0,"24,000",0,"5,949","-5,949","-597,314",2022-10-20,,
2608,嘉里大榮        ,"113,000","113,950",-950,0,0,0,0,0,0,"-1,000",0,0,0,0,"1,000","-1,000","-1,950",2022-10-21,,
2608,嘉里大榮        ,"201,000","35,000","166,000",0,0,0,0,0,0,"34,000","34,000",0,"34,000",0,0,0,"200,000",2022-10-24,,
2608,嘉里大榮        ,"78,000","100,000","-22,000",0,0,0,0,0,0,"64,000","64,000",0,"64,000",0,0,0,"42,000",2022-10-25,,
2608,嘉里大榮        ,"94,000","66,000","28,000",0,0,0,0,0,0,"45,000","47,000","2,000","45,000",0,0,0,"73,000",2022-10-26,,
2608,嘉里大榮        ,"72,000","19,000","53,000",0,0,0,0,0,0,"3,000","4,000","2,000","2,000","1,000",0,"1,000","56,000",2022-10-27,,
2608,嘉里大榮        ,"57,000","118,000","-61,000",0,0,0,0,0,0,-302,0,302,-302,0,0,0,"-61,302",2022-10-28,,
2608,嘉里大榮        ,"62,000","52,000","10,000",0,0,0,"1,000",0,"1,000","4,998","5,000",1,"4,999",0,1,-1,"15,998",2022-10-31,,
2608,嘉里大榮        ,"289,000","229,000","60,000",0,0,0,0,0,0,"10,000","11,000","3,000","8,000","2,000",0,"2,000","70,000",2022-11-01,,
2608,嘉里大榮        ,"41,000","72,000","-31,000",0,0,0,0,0,0,"1,000","1,000",0,"1,000",0,0,0,"-30,000",2022-11-02,,
2608,嘉里大榮        ,"161,000","27,000","134,000",0,0,0,0,0,0,"-3,000",0,"3,000","-3,000",0,0,0,"131,000",2022-11-03,,
2608,嘉里大榮        ,"87,000","69,000","18,000",0,0,0,0,0,0,0,0,0,0,0,0,0,"18,000",2022-11-04,,
2608,嘉里大榮        ,"169,000","60,000","109,000",0,0,0,0,0,0,0,0,0,0,0,0,0,"109,000",2022-11-07,,
2608,嘉里大榮        ,"61,000","51,000","10,000",0,0,0,"1,000",0,"1,000",0,0,0,0,0,0,0,"11,000",2022-11-08,,
2608,嘉里大榮        ,"151,000","30,000","121,000",0,0,0,"3,000",0,"3,000",0,"5,000","5,000",0,0,0,0,"124,000",2022-11-09,,
2608,嘉里大榮        ,"93,750","48,500","45,250",0,0,0,"1,000",0,"1,000","2,000","2,000",0,"2,000",0,0,0,"48,250",2022-11-10,,
2608,嘉里大榮        ,"144,400","23,000","121,400",0,0,0,"1,000",0,"1,000","-2,000",0,"2,000","-2,000",0,0,0,"120,400",2022-11-11,,
2608,嘉里大榮        ,"252,540","44,000","208,540",0,0,0,0,0,0,"-4,000",0,"4,000","-4,000",0,0,0,"204,540",2022-11-14,,
2608,嘉里大榮        ,"101,608","95,000","6,608",0,0,0,"1,000",0,"1,000","-22,000",0,"22,000","-22,000",0,0,0,"-14,392",2022-11-15,,
2608,嘉里大榮        ,"85,702","216,500","-130,798",0,0,0,"2,000",0,"2,000","-17,027","1,000","18,027","-17,027",0,0,0,"-145,825",2022-11-16,,
2608,嘉里大榮        ,"17,000","39,000","-22,000",0,0,0,"2,000",0,"2,000","-18,161",0,"18,161","-18,161",0,0,0,"-38,161",2022-11-17,,
2608,嘉里大榮        ,"19,000","47,000","-28,000",0,0,0,"1,000",0,"1,000",0,"2,000","2,000",0,0,0,0,"-27,000",2022-11-18,,
2608,嘉里大榮        ,"40,000","16,000","24,000",0,0,0,"1,000",0,"1,000",-38,0,0,0,0,38,-38,"24,962",2022-11-21,,
2608,嘉里大榮        ,"80,000","12,000","68,000",0,0,0,0,0,0,"2,000","2,000",0,"2,000",0,0,0,"70,000",2022-11-22,,
2608,嘉里大榮        ,"78,000","30,000","48,000",0,0,0,0,0,0,0,0,0,0,0,0,0,"48,000",2022-11-23,,
2608,嘉里大榮        ,"110,000","58,000","52,000",0,0,0,"1,000",0,"1,000","6,000","6,000",0,"6,000",0,0,0,"59,000",2022-11-24,,
2608,嘉里大榮        ,"95,000","9,000","86,000",0,0,0,0,0,0,"-2,000",0,"2,000","-2,000",0,0,0,"84,000",2022-11-25,,
2608,嘉里大榮        ,"80,000","71,000","9,000",0,0,0,0,0,0,"-11,000",0,"11,000","-11,000",0,0,0,"-2,000",2022-11-28,,
2608,嘉里大榮        ,"87,000","11,000","76,000",0,0,0,0,0,0,0,0,0,0,0,0,0,"76,000",2022-11-29,,
2608,嘉里大榮        ,"105,000","40,000","65,000",0,0,0,0,0,0,0,0,0,0,0,0,0,"65,000",2022-11-30,,
2608,嘉里大榮        ,"136,000","28,000","108,000",0,0,0,"1,000",0,"1,000","-12,000",0,"12,000","-12,000",0,0,0,"97,000",2022-12-01,,
2608,嘉里大榮        ,"13,044","20,000","-6,956",0,0,0,0,0,0,"-15,283",0,"15,000","-15,000",0,283,-283,"-22,239",2022-12-02,,
2608,嘉里大榮        ,"168,000","70,475","97,525",0,0,0,0,0,0,"-5,000",0,"5,000","-5,000",0,0,0,"92,525",2022-12-05,,
2608,嘉里大榮        ,"26,000","103,000","-77,000",0,0,0,0,0,0,"-1,703",0,"2,000","-2,000","1,000",703,297,"-78,703",2022-12-06,,
2608,嘉里大榮        ,"97,000","61,000","36,000",0,0,0,0,0,0,-2,0,0,0,0,2,-2,"35,998",2022-12-07,,
2608,嘉里大榮        ,"57,000","31,000","26,000",0,0,0,"1,000",0,"1,000",-149,0,149,-149,0,0,0,"26,851",2022-12-08,,
2608,嘉里大榮        ,"251,000","53,000","198,000",0,0,0,0,0,0,-79,0,0,0,921,"1,000",-79,"197,921",2022-12-09,,
2608,嘉里大榮        ,"66,000","105,000","-39,000",0,0,0,0,0,0,0,0,0,0,0,0,0,"-39,000",2022-12-12,,
2608,嘉里大榮        ,"153,000","25,000","128,000",0,0,0,0,"70,000","-70,000",0,0,0,0,0,0,0,"58,000",2022-12-13,,
2608,嘉里大榮        ,"101,000","46,000","55,000",0,0,0,0,"71,000","-71,000","23,000","28,000","5,000","23,000",0,0,0,"7,000",2022-12-14,,
2608,嘉里大榮        ,"53,000","52,000","1,000",0,0,0,0,0,0,"-11,000",0,"11,000","-11,000",0,0,0,"-10,000",2022-12-15,,
2608,嘉里大榮        ,"101,000","65,000","36,000",0,0,0,0,0,0,"-22,039",0,"22,000","-22,000",0,39,-39,"13,961",2022-12-16,,
2608,嘉里大榮        ,"172,000","380,000","-208,000",0,0,0,0,0,0,"-4,998",0,"8,000","-8,000","3,002",0,"3,002","-212,998",2022-12-19,,
2608,嘉里大榮        ,"173,000","422,000","-249,000",0,0,0,0,0,0,"-15,050",0,"13,000","-13,000",0,"2,050","-2,050","-264,050",2022-12-20,,
2608,嘉里大榮        ,"91,000","125,000","-34,000",0,0,0,0,0,0,"-9,091",0,"11,000","-11,000","2,000",91,"1,909","-43,091",2022-12-21,,
2608,嘉里大榮        ,"187,000","60,000","127,000",0,0,0,0,0,0,"-8,000",0,"8,000","-8,000",0,0,0,"119,000",2022-12-22,,
2608,嘉里大榮        ,"108,000","79,000","29,000",0,0,0,0,0,0,"-16,000",0,"16,000","-16,000",0,0,0,"13,000",2022-12-23,,
2608,嘉里大榮        ,"54,000","49,000","5,000",0,0,0,0,0,0,"-3,000",0,"3,000","-3,000",0,0,0,"2,000",2022-12-26,,
2608,嘉里大榮        ,"59,000","31,000","28,000",0,0,0,0,0,0,"-10,000",0,0,0,0,"10,000","-10,000","18,000",2022-12-27,,
2608,嘉里大榮        ,"44,000","15,000","29,000",0,0,0,0,0,0,"-21,000",0,"21,000","-21,000",0,0,0,"8,000",2022-12-28,,
2608,嘉里大榮        ,"66,000","110,000","-44,000",0,0,0,0,0,0,"-8,039",0,0,0,0,"8,039","-8,039","-52,039",2022-12-29,,
2608,嘉里大榮        ,"68,000","32,000","36,000",0,0,0,0,0,0,0,0,0,0,0,0,0,"36,000",2022-12-30,,
2608,嘉里大榮        ,"66,000","17,000","49,000",0,0,0,0,0,0,"-19,000",0,"1,000","-1,000",0,"18,000","-18,000","30,000",2023-01-03,,
2608,嘉里大榮        ,"68,000","7,000","61,000",0,0,0,0,0,0,0,0,0,0,0,0,0,"61,000",2023-01-04,,
2608,嘉里大榮        ,"381,000","244,000","137,000",0,0,0,0,0,0,"3,005",0,0,0,"3,005",0,"3,005","140,005",2023-01-05,,
2608,嘉里大榮        ,"108,000","349,000","-241,000",0,0,0,0,0,0,"2,500",0,0,0,"3,000",500,"2,500","-238,500",2023-01-06,,
2608,嘉里大榮        ,"91,000","90,000","1,000",0,0,0,0,0,0,0,0,0,0,0,0,0,"1,000",2023-01-09,,
2608,嘉里大榮        ,"74,000","111,000","-37,000",0,0,0,0,0,0,0,0,0,0,0,0,0,"-37,000",2023-01-10,,
2608,嘉里大榮        ,"73,000","23,000","50,000",0,0,0,0,0,0,"3,000","3,000",0,"3,000",0,0,0,"53,000",2023-01-11,,
2608,嘉里大榮        ,"38,000","40,000","-2,000",0,0,0,0,0,0,0,0,0,0,0,0,0,"-2,000",2023-01-12,,
2608,嘉里大榮        ,"87,000","5,000","82,000",0,0,0,0,0,0,"-2,000",0,0,0,0,"2,000","-2,000","80,000",2023-01-13,,
2608,嘉里大榮        ,"78,000","14,000","64,000",0,0,0,0,0,0,0,0,0,0,0,0,0,"64,000",2023-01-16,,
2608,嘉里大榮        ,"103,000","23,000","80,000",0,0,0,0,0,0,"-5,000",0,"3,000","-3,000","1,000","3,000","-2,000","75,000",2023-01-17,,
2608,嘉里大榮        ,"77,000","48,000","29,000",0,0,0,0,0,0,"-1,000",0,"1,000","-1,000",0,0,0,"28,000",2023-01-30,,
2608,嘉里大榮        ,"167,000","5,000","162,000",0,0,0,0,0,0,"5,000","5,000",0,"5,000",0,0,0,"167,000",2023-01-31,,
2608,嘉里大榮        ,"102,000","31,000","71,000",0,0,0,0,0,0,"3,000","3,000",0,"3,000",0,0,0,"74,000",2023-02-01,,
2608,嘉里大榮        ,"238,000","11,000","227,000",0,0,0,0,0,0,0,"4,000","4,000",0,0,0,0,"227,000",2023-02-02,,
2608,嘉里大榮        ,"369,000","46,000","323,000",0,0,0,0,0,0,"1,000","2,000","1,000","1,000",0,0,0,"324,000",2023-02-03,,
2608,嘉里大榮        ,"254,000","36,000","218,000",0,0,0,0,0,0,"-3,000",0,"3,000","-3,000",0,0,0,"215,000",2023-02-06,,
2608,嘉里大榮        ,"188,000","38,000","150,000",0,0,0,0,0,0,"-1,000",0,"1,000","-1,000",0,0,0,"149,000",2023-02-07,,
2608,嘉里大榮        ,"125,000","25,000","100,000",0,0,0,0,0,0,"-10,080",0,"10,080","-10,080",0,0,0,"89,920",2023-02-08,,
2608,嘉里大榮        ,"66,000","46,000","20,000",0,0,0,0,0,0,"-11,052",0,"11,052","-11,052",0,0,0,"8,948",2023-02-09,,
2608,嘉里大榮        ,"32,000","136,000","-104,000",0,0,0,0,0,0,"-5,000",0,"5,000","-5,000",0,0,0,"-109,000",2023-02-10,,
2608,嘉里大榮        ,"22,000","87,000","-65,000",0,0,0,0,0,0,"-13,000",0,"13,000","-13,000",0,0,0,"-78,000",2023-02-13,,
2608,嘉里大榮        ,"8,000","21,000","-13,000",0,0,0,0,0,0,0,0,0,0,0,0,0,"-13,000",2023-02-14,,
2608,嘉里大榮        ,"38,000","68,000","-30,000",0,0,0,0,0,0,"5,000","5,000",0,"5,000",0,0,0,"-25,000",2023-02-15,,
2608,嘉里大榮        ,"14,000","60,000","-46,000",0,0,0,0,0,0,"61,000",0,0,0,"61,000",0,"61,000","15,000",2023-02-16,,
2608,嘉里大榮        ,"27,000","39,000","-12,000",0,0,0,0,0,0,"-40,000",0,"2,000","-2,000",0,"38,000","-38,000","-52,000",2023-02-17,,
2608,嘉里大榮        ,"24,000","50,000","-26,000",0,0,0,0,0,0,"-16,000",0,"6,000","-6,000",0,"10,000","-10,000","-42,000",2023-02-20,,
2608,嘉里大榮        ,"29,000","32,000","-3,000",0,0,0,0,0,0,"-17,000",0,"17,000","-17,000",0,0,0,"-20,000",2023-02-21,,
2608,嘉里大榮        ,"9,000","69,000","-60,000",0,0,0,0,0,0,"-31,000",0,"29,000","-29,000",0,"2,000","-2,000","-91,000",2023-02-22,,
2608,嘉里大榮        ,"86,000","62,000","24,000",0,0,0,0,0,0,"1,000",0,0,0,"1,000",0,"1,000","25,000",2023-02-23,,
2608,嘉里大榮        ,"45,000","165,000","-120,000",0,0,0,0,0,0,"-4,000","3,000","6,000","-3,000",0,"1,000","-1,000","-124,000",2023-02-24,,
2608,嘉里大榮        ,"4,000","93,000","-89,000",0,0,0,0,0,0,"-37,234",0,"27,000","-27,000",0,"10,234","-10,234","-126,234",2023-03-01,,
2608,嘉里大榮        ,"35,000","39,000","-4,000",0,0,0,0,0,0,"-22,682",0,"22,682","-22,682",0,0,0,"-26,682",2023-03-02,,
2608,嘉里大榮        ,"99,000","29,000","70,000",0,0,0,0,0,0,"-5,084",0,"5,000","-5,000",0,84,-84,"64,916",2023-03-03,,
2608,嘉里大榮        ,"37,000","38,000","-1,000",0,0,0,0,0,0,"33,000","32,000",0,"32,000","1,000",0,"1,000","32,000",2023-03-06,,
2608,嘉里大榮        ,"52,000","30,000","22,000",0,0,0,0,0,0,"4,000","4,000",0,"4,000",0,0,0,"26,000",2023-03-07,,
2608,嘉里大榮        ,"107,000","20,000","87,000",0,0,0,0,0,0,"18,000","18,000",0,"18,000",0,0,0,"105,000",2023-03-08,,
2608,嘉里大榮        ,"113,000","38,000","75,000",0,0,0,0,0,0,"-20,000",0,"20,000","-20,000",0,0,0,"55,000",2023-03-09,,
2608,嘉里大榮        ,"142,000","144,000","-2,000",0,0,0,0,0,0,"-10,634",0,"10,000","-10,000",0,634,-634,"-12,634",2023-03-10,,
2608,嘉里大榮        ,"125,000","78,000","47,000",0,0,0,0,0,0,"-3,027",0,"3,000","-3,000",0,27,-27,"43,973",2023-03-13,,
2608,嘉里大榮        ,"135,000","27,000","108,000",0,0,0,0,0,0,"-3,001",0,"3,000","-3,000",0,1,-1,"104,999",2023-03-14,,
2608,嘉里大榮        ,"10,000","42,000","-32,000",0,0,0,0,0,0,"-29,301",0,"29,000","-29,000",0,301,-301,"-61,301",2023-03-15,,
2608,嘉里大榮        ,"96,000","105,000","-9,000",0,0,0,0,0,0,"-3,000",0,"3,000","-3,000",0,0,0,"-12,000",2023-03-16,,
2608,嘉里大榮        ,"15,000","28,000","-13,000",0,0,0,0,0,0,-186,0,186,-186,0,0,0,"-13,186",2023-03-17,,
2608,嘉里大榮        ,"16,000","24,000","-8,000",0,0,0,0,0,0,0,0,0,0,0,0,0,"-8,000",2023-03-20,,
2608,嘉里大榮        ,"88,000","28,000","60,000",0,0,0,0,0,0,"-60,000",0,"60,000","-60,000",0,0,0,0,2023-03-21,,
2608,嘉里大榮        ,"10,000","21,000","-11,000",0,0,0,0,0,0,"-1,000","1,000","2,000","-1,000",0,0,0,"-12,000",2023-03-22,,
2608,嘉里大榮        ,"57,000","18,000","39,000",0,0,0,0,0,0,0,0,0,0,0,0,0,"39,000",2023-03-23,,
2608,嘉里大榮        ,"165,000","49,000","116,000",0,0,0,0,0,0,0,0,0,0,0,0,0,"116,000",2023-03-24,,
2608,嘉里大榮        ,"27,000","12,000","15,000",0,0,0,0,0,0,0,0,0,0,0,0,0,"15,000",2023-03-27,,
2608,嘉里大榮        ,"26,000","21,000","5,000",0,0,0,0,0,0,"12,000","12,000",0,"12,000",0,0,0,"17,000",2023-03-28,,
2608,嘉里大榮        ,"15,000","18,000","-3,000",0,0,0,0,0,0,0,0,0,0,0,0,0,"-3,000",2023-03-29,,
2608,嘉里大榮        ,"7,000","9,000","-2,000",0,0,0,0,0,0,0,0,0,0,0,0,0,"-2,000",2023-03-30,,
2608,嘉里大榮        ,"34,000","23,000","11,000",0,0,0,0,0,0,"34,000","34,000",0,"34,000",0,0,0,"45,000",2023-03-31,,
2608,嘉里大榮        ,"28,000","39,000","-11,000",0,0,0,0,0,0,"18,000","28,000",0,"28,000",0,"10,000","-10,000","7,000",2023-04-06,,
2608,嘉里大榮        ,"35,000","16,000","19,000",0,0,0,0,0,0,0,0,0,0,0,0,0,"19,000",2023-04-07,,
2608,嘉里大榮        ,"89,000","35,000","54,000",0,0,0,0,0,0,"29,000","29,000",0,"29,000",0,0,0,"83,000",2023-04-10,,
2608,嘉里大榮        ,"37,000","30,000","7,000",0,0,0,0,0,0,"5,000","5,000",0,"5,000",0,0,0,"12,000",2023-04-11,,
2608,嘉里大榮        ,"40,000","40,000",0,0,0,0,0,0,0,"7,000","7,000",0,"7,000",0,0,0,"7,000",2023-04-12,,
2608,嘉里大榮        ,"51,000","23,000","28,000",0,0,0,0,0,0,0,0,0,0,0,0,0,"28,000",2023-04-13,,
2608,嘉里大榮        ,"48,000","33,000","15,000",0,0,0,0,0,0,"19,000","19,000",0,"19,000",0,0,0,"34,000",2023-04-14,,
2608,嘉里大榮        ,"114,000","48,000","66,000",0,0,0,0,0,0,"23,999","24,000",0,"24,000",0,1,-1,"89,999",2023-04-17,,
2608,嘉里大榮        ,"37,000","27,000","10,000",0,0,0,0,0,0,"-2,000",0,0,0,0,"2,000","-2,000","8,000",2023-04-18,,
2608,嘉里大榮        ,"40,000","91,000","-51,000",0,0,0,0,0,0,"22,000","22,000",0,"22,000",0,0,0,"-29,000",2023-04-19,,
2608,嘉里大榮        ,"47,000","57,000","-10,000",0,0,0,0,0,0,"-25,000","3,000","28,000","-25,000",0,0,0,"-35,000",2023-04-20,,
2608,嘉里大榮        ,"60,000","113,000","-53,000",0,0,0,0,0,0,"-45,000","3,000","48,000","-45,000",0,0,0,"-98,000",2023-04-21,,
2608,嘉里大榮        ,"43,103","14,000","29,103",0,0,0,0,0,0,"-40,000",0,"40,000","-40,000",0,0,0,"-10,897",2023-04-24,,
2608,嘉里大榮        ,"35,100","39,000","-3,900",0,0,0,0,0,0,"5,980","6,000",0,"6,000",0,20,-20,"2,080",2023-04-25,,
2608,嘉里大榮        ,"53,000","35,000","18,000",0,0,0,0,0,0,"48,000","49,000","1,000","48,000",0,0,0,"66,000",2023-04-26,,
2608,嘉里大榮        ,"20,000","14,000","6,000",0,0,0,0,0,0,0,0,0,0,0,0,0,"6,000",2023-04-27,,
2608,嘉里大榮        ,"71,000","25,000","46,000",0,0,0,0,0,0,"18,000","18,000",0,"18,000",0,0,0,"64,000",2023-04-28,,
2608,嘉里大榮        ,"107,152","38,323","68,829",0,0,0,0,0,0,"22,000","22,000",0,"22,000",0,0,0,"90,829",2023-05-02,,
2608,嘉里大榮        ,"40,000","13,000","27,000",0,0,0,0,0,0,"5,000","5,000",0,"5,000",0,0,0,"32,000",2023-05-03,,
2608,嘉里大榮        ,"15,000","3,000","12,000",0,0,0,0,0,0,"11,000","12,000","1,000","11,000",0,0,0,"23,000",2023-05-04,,
2608,嘉里大榮        ,"32,000","18,000","14,000",0,0,0,0,0,0,"-10,000",0,"10,000","-10,000",0,0,0,"4,000",2023-05-05,,
2608,嘉里大榮        ,"13,000","4,000","9,000",0,0,0,0,0,0,0,0,0,0,0,0,0,"9,000",2023-05-08,,
2608,嘉里大榮        ,"13,000","3,000","10,000",0,0,0,0,0,0,0,0,0,0,0,0,0,"10,000",2023-05-09,,
2608,嘉里大榮        ,"12,000","7,000","5,000",0,0,0,0,0,0,"17,000","17,000",0,"17,000",0,0,0,"22,000",2023-05-10,,
2608,嘉里大榮        ,"22,000","23,000","-1,000",0,0,0,0,0,0,0,0,0,0,0,0,0,"-1,000",2023-05-11,,
2608,嘉里大榮        ,"6,000","13,000","-7,000",0,0,0,0,0,0,0,0,0,0,0,0,0,"-7,000",2023-05-12,,
2608,嘉里大榮        ,"39,000","46,000","-7,000",0,0,0,0,0,0,0,"18,000","18,000",0,0,0,0,"-7,000",2023-05-15,,
2608,嘉里大榮        ,"50,000","23,000","27,000",0,0,0,0,0,0,"92,000","98,000","6,000","92,000",0,0,0,"119,000",2023-05-16,,
2608,嘉里大榮        ,"144,000","53,000","91,000",0,0,0,0,0,0,"294,000","294,000",0,"294,000",0,0,0,"385,000",2023-05-17,,
2608,嘉里大榮        ,"20,000","41,000","-21,000",0,0,0,0,0,0,"53,000","58,000","5,000","53,000",0,0,0,"32,000",2023-05-18,,
2608,嘉里大榮        ,"20,000","26,000","-6,000",0,0,0,0,0,0,"27,000","27,000",0,"27,000",0,0,0,"21,000",2023-05-19,,
2608,嘉里大榮        ,"34,000","7,000","27,000",0,0,0,0,0,0,"5,000","5,000",0,"5,000",0,0,0,"32,000",2023-05-22,,
2608,嘉里大榮        ,"36,000","23,000","13,000",0,0,0,0,0,0,"11,107","11,107",0,"11,107",0,0,0,"24,107",2023-05-23,,
2608,嘉里大榮        ,"81,000","12,000","69,000",0,0,0,0,0,0,"18,145","34,145","16,000","18,145",0,0,0,"87,145",2023-05-24,,
2608,嘉里大榮        ,"4,000","54,000","-50,000",0,0,0,0,0,0,"2,000","2,000",0,"2,000",0,0,0,"-48,000",2023-05-25,,
2608,嘉里大榮        ,"26,000","152,000","-126,000",0,0,0,0,0,0,"-6,000","4,000","10,000","-6,000",0,0,0,"-132,000",2023-05-26,,
2608,嘉里大榮        ,"44,000","26,000","18,000",0,0,0,0,0,0,"-18,067",0,"13,000","-13,000",0,"5,067","-5,067",-67,2023-05-29,,
2608,嘉里大榮        ,"47,000","6,000","41,000",0,0,0,0,0,0,0,0,0,0,0,0,0,"41,000",2023-05-30,,
2608,嘉里大榮        ,"131,000","117,000","14,000",0,0,0,0,0,0,"45,000","46,000","1,000","45,000",0,0,0,"59,000",2023-05-31,,
2608,嘉里大榮        ,"36,000","14,000","22,000",0,0,0,0,0,0,"1,000","1,000",0,"1,000",0,0,0,"23,000",2023-06-01,,
2608,嘉里大榮        ,"45,000","13,000","32,000",0,0,0,0,0,0,"5,000","5,000",0,"5,000",0,0,0,"37,000",2023-06-02,,
2608,嘉里大榮        ,"51,000","2,000","49,000",0,0,0,0,0,0,"4,000","4,000",0,"4,000",0,0,0,"53,000",2023-06-05,,
2608,嘉里大榮        ,"37,000","3,000","34,000",0,0,0,0,0,0,"1,000","1,000",0,"1,000",0,0,0,"35,000",2023-06-06,,
2608,嘉里大榮        ,"293,000","16,000","277,000",0,0,0,0,0,0,"2,000","2,000",0,"2,000",0,0,0,"279,000",2023-06-07,,
2608,嘉里大榮        ,"105,000","24,000","81,000",0,0,0,0,0,0,0,0,0,0,0,0,0,"81,000",2023-06-08,,
2608,嘉里大榮        ,"100,000","39,000","61,000",0,0,0,0,0,0,"-1,000",0,"1,000","-1,000",0,0,0,"60,000",2023-06-09,,
2608,嘉里大榮        ,"30,000","95,000","-65,000",0,0,0,0,0,0,"-4,000","1,000","5,000","-4,000",0,0,0,"-69,000",2023-06-12,,
2608,嘉里大榮        ,"58,000","40,000","18,000",0,0,0,0,0,0,"20,000","23,000","3,000","20,000",0,0,0,"38,000",2023-06-13,,
2608,嘉里大榮        ,"40,000","28,000","12,000",0,0,0,0,0,0,"10,000","10,000",0,"10,000",0,0,0,"22,000",2023-06-14,,
2608,嘉里大榮        ,"52,000","50,000","2,000",0,0,0,0,0,0,"-19,000",0,"19,000","-19,000",0,0,0,"-17,000",2023-06-15,,
2608,嘉里大榮        ,"64,000","18,000","46,000",0,0,0,0,0,0,"20,000","20,000",0,"20,000",0,0,0,"66,000",2023-06-16,,
2608,嘉里大榮        ,"50,000","19,000","31,000",0,0,0,0,0,0,"-12,000",0,"12,000","-12,000",0,0,0,"19,000",2023-06-19,,
2608,嘉里大榮        ,"49,000","2,000","47,000",0,0,0,0,0,0,0,0,0,0,0,0,0,"47,000",2023-06-20,,
2608,嘉里大榮        ,"154,000","15,000","139,000",0,0,0,0,0,0,"2,000","2,000",0,"2,000",0,0,0,"141,000",2023-06-21,,
2608,嘉里大榮        ,"8,000","18,000","-10,000",0,0,0,0,0,0,"6,000","6,000",0,"6,000",0,0,0,"-4,000",2023-06-26,,
2608,嘉里大榮        ,"9,000","14,000","-5,000",0,0,0,0,0,0,"18,000","18,000",0,"18,000",0,0,0,"13,000",2023-06-27,,
2608,嘉里大榮        ,"7,000","4,000","3,000",0,0,0,0,0,0,"22,000","22,000",0,"22,000",0,0,0,"25,000",2023-06-28,,
2608,嘉里大榮        ,"11,000","22,000","-11,000",0,0,0,0,0,0,"33,000","33,000",0,"33,000",0,0,0,"22,000",2023-06-29,,
2608,嘉里大榮        ,"8,000","33,000","-25,000",0,0,0,0,0,0,"19,000","19,000",0,"19,000",0,0,0,"-6,000",2023-06-30,,
2608,嘉里大榮        ,"22,000","48,000","-26,000",0,0,0,0,0,0,"61,000","61,000",0,"61,000",0,0,0,"35,000",2023-07-03,,
2608,嘉里大榮        ,"11,023","32,000","-20,977",0,0,0,0,0,0,-78,0,78,-78,0,0,0,"-21,055",2023-07-04,,
2608,嘉里大榮        ,"12,000","74,000","-62,000",0,0,0,0,0,0,"-22,361",0,"22,361","-22,361",0,0,0,"-84,361",2023-07-05,,
2608,嘉里大榮        ,"19,000","65,000","-46,000",0,0,0,0,0,0,"-11,378",0,"11,378","-11,378",0,0,0,"-57,378",2023-07-06,,
2608,嘉里大榮        ,"7,000","27,000","-20,000",0,0,0,0,0,0,"-4,014",0,"4,014","-4,014",0,0,0,"-24,014",2023-07-07,,
2608,嘉里大榮        ,"3,000","44,000","-41,000",0,0,0,0,0,0,"-8,000","15,000","23,000","-8,000",0,0,0,"-49,000",2023-07-10,,
2608,嘉里大榮        ,"11,000","12,000","-1,000",0,0,0,0,0,0,0,0,0,0,0,0,0,"-1,000",2023-07-11,,
2608,嘉里大榮        ,"16,000","27,000","-11,000",0,0,0,0,0,0,"-31,169","1,000","32,169","-31,169",0,0,0,"-42,169",2023-07-12,,
2608,嘉里大榮        ,"15,000","115,000","-100,000",0,0,0,0,0,0,"-5,000","2,000","7,000","-5,000",0,0,0,"-105,000",2023-07-13,,
2608,嘉里大榮        ,"32,000","76,000","-44,000",0,0,0,0,0,0,"1,000","1,000",0,"1,000",0,0,0,"-43,000",2023-07-14,,
2608,嘉里大榮        ,"2,000","96,000","-94,000",0,0,0,0,0,0,"-35,000","1,000","36,000","-35,000",0,0,0,"-129,000",2023-07-17,,
2608,嘉里大榮        ,"70,000","154,000","-84,000",0,0,0,0,0,0,"-1,000",0,"1,000","-1,000",0,0,0,"-85,000",2023-07-18,,
2608,嘉里大榮        ,"27,000","234,000","-207,000",0,0,0,0,0,0,"-43,000",0,"43,000","-43,000",0,0,0,"-250,000",2023-07-19,,
2608,嘉里大榮        ,"33,000","69,000","-36,000",0,0,0,0,0,0,"-8,000",0,"8,000","-8,000",0,0,0,"-44,000",2023-07-20,,
2608,嘉里大榮        ,"24,999","52,000","-27,001",0,0,0,0,0,0,"4,000","5,000","1,000","4,000",0,0,0,"-23,001",2023-07-21,,
2608,嘉里大榮        ,"13,000","138,000","-125,000",0,0,0,0,0,0,"-15,000",0,"15,000","-15,000",0,0,0,"-140,000",2023-07-24,,
2608,嘉里大榮        ,"8,000","77,000","-69,000",0,0,0,0,0,0,"11,000","11,000",0,"11,000",0,0,0,"-58,000",2023-07-25,,
2608,嘉里大榮        ,"35,000","25,000","10,000",0,0,0,0,0,0,"10,000","12,000","2,000","10,000",0,0,0,"20,000",2023-07-26,,
2608,嘉里大榮        ,"21,000","19,000","2,000",0,0,0,0,0,0,0,0,0,0,0,0,0,"2,000",2023-07-27,,
2608,嘉里大榮        ,"63,000","23,000","40,000",0,0,0,0,0,0,0,0,0,0,0,0,0,"40,000",2023-07-28,,
2608,嘉里大榮        ,"48,000","77,000","-29,000",0,0,0,0,0,0,"-20,000",0,"20,000","-20,000",0,0,0,"-49,000",2023-07-31,,
2608,嘉里大榮        ,"6,000","20,000","-14,000",0,0,0,0,0,0,"4,000","14,000","10,000","4,000",0,0,0,"-10,000",2023-08-01,,
2608,嘉里大榮        ,"96,000","75,000","21,000",0,0,0,0,0,0,"-13,000","6,000","19,000","-13,000",0,0,0,"8,000",2023-08-02,,
2608,嘉里大榮        ,"52,000","19,000","33,000",0,0,0,0,0,0,"-6,000",0,"6,000","-6,000",0,0,0,"27,000",2023-08-04,,
2608,嘉里大榮        ,"43,000","20,000","23,000",0,0,0,0,0,0,"-14,000","2,000","16,000","-14,000",0,0,0,"9,000",2023-08-07,,
2608,嘉里大榮        ,"114,000","57,000","57,000",0,0,0,0,0,0,"-39,000",0,"39,000","-39,000",0,0,0,"18,000",2023-08-08,,
2608,嘉里大榮        ,"43,000","6,000","37,000",0,0,0,0,0,0,0,0,0,0,0,0,0,"37,000",2023-08-09,,
2608,嘉里大榮        ,"32,000","53,000","-21,000",0,0,0,0,0,0,0,0,0,0,0,0,0,"-21,000",2023-08-10,,
2608,嘉里大榮        ,"268,000","58,000","210,000",0,0,0,0,0,0,"4,000","9,000","5,000","4,000",0,0,0,"214,000",2023-08-11,,
2608,嘉里大榮        ,"157,000","109,000","48,000",0,0,0,0,0,0,"-15,000",0,"15,000","-15,000",0,0,0,"33,000",2023-08-14,,
2608,嘉里大榮        ,"81,000","50,000","31,000",0,0,0,0,0,0,"2,000","2,000",0,"2,000",0,0,0,"33,000",2023-08-15,,
2608,嘉里大榮        ,"85,000","23,000","62,000",0,0,0,0,0,0,"29,000","39,000","10,000","29,000",0,0,0,"91,000",2023-08-16,,
2608,嘉里大榮        ,"83,000","81,000","2,000",0,0,0,0,0,0,"23,000","28,000","5,000","23,000",0,0,0,"25,000",2023-08-17,,
2608,嘉里大榮        ,"135,000","14,000","121,000",0,0,0,0,0,0,"-19,000",0,"19,000","-19,000",0,0,0,"102,000",2023-08-18,,
2608,嘉里大榮        ,"201,000","14,000","187,000",0,0,0,0,0,0,"11,000","11,000",0,"11,000",0,0,0,"198,000",2023-08-21,,
2608,嘉里大榮        ,"23,000","20,000","3,000",0,0,0,0,0,0,0,0,0,0,0,0,0,"3,000",2023-08-22,,
2608,嘉里大榮        ,"20,000","28,000","-8,000",0,0,0,0,0,0,"-1,000",0,"1,000","-1,000",0,0,0,"-9,000",2023-08-23,,
2608,嘉里大榮        ,"21,000","1,000","20,000",0,0,0,0,0,0,"-19,000",0,"19,000","-19,000",0,0,0,"1,000",2023-08-24,,
2608,嘉里大榮        ,"153,000","9,000","144,000",0,0,0,0,0,0,"-8,000",0,"8,000","-8,000",0,0,0,"136,000",2023-08-25,,
2608,嘉里大榮        ,"43,000","47,000","-4,000",0,0,0,0,0,0,"-10,000",0,"10,000","-10,000",0,0,0,"-14,000",2023-08-28,,
2608,嘉里大榮        ,"26,000","8,000","18,000",0,0,0,0,0,0,0,0,0,0,0,0,0,"18,000",2023-08-29,,
2608,嘉里大榮        ,"78,000","20,000","58,000",0,0,0,0,0,0,"1,000","1,000",0,"1,000",0,0,0,"59,000",2023-08-30,,
2608,嘉里大榮        ,"201,000","23,000","178,000",0,0,0,0,0,0,"10,001","20,001","10,000","10,001",0,0,0,"188,001",2023-08-31,,
2608,嘉里大榮        ,"67,000","56,000","11,000",0,0,0,0,0,0,"4,999","7,000","2,001","4,999",0,0,0,"15,999",2023-09-01,,
2608,嘉里大榮        ,"23,000","68,000","-45,000",0,0,0,0,0,0,"-3,000",0,"3,000","-3,000",0,0,0,"-48,000",2023-09-04,,
2608,嘉里大榮        ,"83,000","32,000","51,000",0,0,0,0,0,0,0,0,0,0,0,0,0,"51,000",2023-09-05,,
2608,嘉里大榮        ,"23,000","79,000","-56,000",0,0,0,0,0,0,"-26,000",0,"26,000","-26,000",0,0,0,"-82,000",2023-09-06,,
2608,嘉里大榮        ,"9,000","69,000","-60,000",0,0,0,0,0,0,"-18,000",0,"18,000","-18,000",0,0,0,"-78,000",2023-09-07,,
2608,嘉里大榮        ,"20,000","36,000","-16,000",0,0,0,0,0,0,"-12,000",0,"12,000","-12,000",0,0,0,"-28,000",2023-09-08,,
2608,嘉里大榮        ,"1,000","7,000","-6,000",0,0,0,0,0,0,"3,000","3,000",0,"3,000",0,0,0,"-3,000",2023-09-11,,
2608,嘉里大榮        ,"30,000","24,000","6,000",0,0,0,0,0,0,"2,000","2,000",0,"2,000",0,0,0,"8,000",2023-09-12,,
2608,嘉里大榮        ,"88,000","9,000","79,000",0,0,0,0,0,0,"48,000","51,000","3,000","48,000",0,0,0,"127,000",2023-09-13,,
2608,嘉里大榮        ,"19,000","22,000","-3,000",0,0,0,0,0,0,"13,000","13,000",0,"13,000",0,0,0,"10,000",2023-09-14,,
2608,嘉里大榮        ,"10,000","22,000","-12,000",0,0,0,0,0,0,0,0,0,0,0,0,0,"-12,000",2023-09-15,,
2608,嘉里大榮        ,"23,000","4,000","19,000",0,0,0,0,0,0,"-1,000",0,"1,000","-1,000",0,0,0,"18,000",2023-09-18,,
2608,嘉里大榮        ,"5,000","20,000","-15,000",0,0,0,0,0,0,0,"13,000","13,000",0,0,0,0,"-15,000",2023-09-19,,
2608,嘉里大榮        ,"21,000","12,000","9,000",0,0,0,0,0,0,"-6,000",0,"6,000","-6,000",0,0,0,"3,000",2023-09-20,,
2608,嘉里大榮        ,"5,000","54,000","-49,000",0,0,0,0,0,0,"1,000","12,000","11,000","1,000",0,0,0,"-48,000",2023-09-21,,
2608,嘉里大榮        ,"30,000","46,000","-16,000",0,0,0,0,0,0,"-4,000",0,"4,000","-4,000",0,0,0,"-20,000",2023-09-22,,
2608,嘉里大榮        ,"12,000","13,000","-1,000",0,0,0,0,0,0,"-4,000",0,"4,000","-4,000",0,0,0,"-5,000",2023-09-25,,
2608,嘉里大榮        ,"13,000","17,000","-4,000",0,0,0,0,0,0,"-12,000",0,"12,000","-12,000",0,0,0,"-16,000",2023-09-26,,
2608,嘉里大榮        ,"21,000","30,000","-9,000",0,0,0,0,0,0,"-25,000",0,"25,000","-25,000",0,0,0,"-34,000",2023-09-27,,
2608,嘉里大榮        ,"67,000","66,000","1,000",0,0,0,0,0,0,0,0,0,0,0,0,0,"1,000",2023-09-28,,
2608,嘉里大榮        ,"9,000","10,000","-1,000",0,0,0,0,0,0,0,0,0,0,0,0,0,"-1,000",2023-10-02,,
2608,嘉里大榮        ,"14,000","9,000","5,000",0,0,0,0,0,0,0,0,0,0,0,0,0,"5,000",2023-10-03,,
2608,嘉里大榮        ,"50,000","28,000","22,000",0,0,0,0,0,0,"-11,000",0,"11,000","-11,000",0,0,0,"11,000",2023-10-04,,
2608,嘉里大榮        ,"23,000","9,000","14,000",0,0,0,0,0,0,"-3,000",0,"3,000","-3,000",0,0,0,"11,000",2023-10-05,,
2608,嘉里大榮        ,"26,000","6,000","20,000",0,0,0,0,0,0,"1,000","1,000",0,"1,000",0,0,0,"21,000",2023-10-06,,
2608,嘉里大榮        ,"140,000","17,000","123,000",0,0,0,0,0,0,"18,000","18,000",0,"18,000",0,0,0,"141,000",2023-10-11,,
2608,嘉里大榮        ,"65,000","12,000","53,000",0,0,0,0,0,0,"1,000","1,000",0,"1,000",0,0,0,"54,000",2023-10-12,,
2608,嘉里大榮        ,"64,000","19,000","45,000",0,0,0,0,0,0,0,0,0,0,0,0,0,"45,000",2023-10-13,,
2608,嘉里大榮        ,"33,000","17,203","15,797",0,0,0,0,0,0,"4,000","4,000",0,"4,000",0,0,0,"19,797",2023-10-16,,
2608,嘉里大榮        ,"34,000","26,000","8,000",0,0,0,0,0,0,0,0,0,0,0,0,0,"8,000",2023-10-17,,
2608,嘉里大榮        ,"84,000","76,634","7,366",0,0,0,0,0,0,"11,000","19,000","8,000","11,000",0,0,0,"18,366",2023-10-18,,
2608,嘉里大榮        ,"50,000","27,000","23,000",0,0,0,0,0,0,0,0,0,0,0,0,0,"23,000",2023-10-19,,
2608,嘉里大榮        ,"25,000","30,000","-5,000",0,0,0,0,0,0,0,0,0,0,0,0,0,"-5,000",2023-10-20,,
2608,嘉里大榮        ,"14,000","7,000","7,000",0,0,0,0,0,0,"-2,000",0,"2,000","-2,000",0,0,0,"5,000",2023-10-23,,
2608,嘉里大榮        ,"29,000","18,000","11,000",0,0,0,0,0,0,0,0,0,0,0,0,0,"11,000",2023-10-24,,
2608,嘉里大榮        ,"27,000","23,000","4,000",0,0,0,0,0,0,"9,000","9,000",0,"9,000",0,0,0,"13,000",2023-10-25,,
2608,嘉里大榮        ,"30,000","35,000","-5,000",0,0,0,0,0,0,"-19,000",0,"19,000","-19,000",0,0,0,"-24,000",2023-10-26,,
2608,嘉里大榮        ,"17,000","4,000","13,000",0,0,0,0,0,0,0,0,0,0,0,0,0,"13,000",2023-10-27,,
2608,嘉里大榮        ,"28,000","26,000","2,000",0,0,0,0,0,0,"3,000","3,000",0,"3,000",0,0,0,"5,000",2023-10-30,,
2608,嘉里大榮        ,"22,000","56,000","-34,000",0,0,0,0,0,0,"-14,778",0,"14,778","-14,778",0,0,0,"-48,778",2023-10-31,,
2608,嘉里大榮        ,"18,000","31,000","-13,000",0,0,0,0,0,0,0,0,0,0,0,0,0,"-13,000",2023-11-01,,
2608,嘉里大榮        ,"26,000","30,000","-4,000",0,0,0,0,0,0,"1,000","1,000",0,"1,000",0,0,0,"-3,000",2023-11-02,,
2608,嘉里大榮        ,"57,000","29,000","28,000",0,0,0,0,0,0,"2,000","2,000",0,"2,000",0,0,0,"30,000",2023-11-03,,
2608,嘉里大榮        ,"136,000","67,000","69,000",0,0,0,0,0,0,0,0,0,0,0,0,0,"69,000",2023-11-06,,
2608,嘉里大榮        ,"11,000","19,000","-8,000",0,0,0,0,0,0,0,0,0,0,0,0,0,"-8,000",2023-11-07,,
2608,嘉里大榮        ,"55,000","28,000","27,000",0,0,0,0,0,0,"-1,000",0,"1,000","-1,000",0,0,0,"26,000",2023-11-08,,
2608,嘉里大榮        ,"86,000","29,023","56,977",0,0,0,0,0,0,"-2,000",0,"2,000","-2,000",0,0,0,"54,977",2023-11-09,,
2608,嘉里大榮        ,"19,000","72,000","-53,000",0,0,0,0,0,0,"-3,000",0,"3,000","-3,000",0,0,0,"-56,000",2023-11-10,,
2608,嘉里大榮        ,"18,000","54,000","-36,000",0,0,0,0,0,0,"4,000","4,000",0,"4,000",0,0,0,"-32,000",2023-11-13,,
2608,嘉里大榮        ,"38,000","56,000","-18,000",0,0,0,0,0,0,"-48,000","14,000","62,000","-48,000",0,0,0,"-66,000",2023-11-14,,
2608,嘉里大榮        ,"172,000","69,000","103,000",0,0,0,0,0,0,"-64,000","27,000","91,000","-64,000",0,0,0,"39,000",2023-11-15,,
2608,嘉里大榮        ,"97,000","63,000","34,000",0,0,0,0,0,0,0,0,0,0,0,0,0,"34,000",2023-11-16,,
2608,嘉里大榮        ,"66,000","33,000","33,000",0,0,0,0,0,0,"-11,000",0,"11,000","-11,000",0,0,0,"22,000",2023-11-17,,
2608,嘉里大榮        ,"50,000","30,000","20,000",0,0,0,0,0,0,"1,000","1,000",0,"1,000",0,0,0,"21,000",2023-11-20,,
2608,嘉里大榮        ,"107,000","53,000","54,000",0,0,0,0,0,0,0,0,0,0,0,0,0,"54,000",2023-11-21,,
2608,嘉里大榮        ,"98,000","26,000","72,000",0,0,0,0,0,0,0,0,0,0,0,0,0,"72,000",2023-11-22,,
2608,嘉里大榮        ,"41,000","35,000","6,000",0,0,0,0,0,0,"-3,000",0,"3,000","-3,000",0,0,0,"3,000",2023-11-23,,
2608,嘉里大榮        ,"36,000","23,000","13,000",0,0,0,0,0,0,0,0,0,0,0,0,0,"13,000",2023-11-24,,
2608,嘉里大榮        ,"56,000","33,000","23,000",0,0,0,0,0,0,0,0,0,0,0,0,0,"23,000",2023-11-27,,
2608,嘉里大榮        ,"112,000","38,000","74,000",0,0,0,0,0,0,"9,209","9,209",0,"9,209",0,0,0,"83,209",2023-11-28,,
2608,嘉里大榮        ,"13,000","25,000","-12,000",0,0,0,0,0,0,"1,000","1,000",0,"1,000",0,0,0,"-11,000",2023-11-29,,
2608,嘉里大榮        ,"52,000","102,000","-50,000",0,0,0,0,0,0,"14,000","14,000",0,"14,000",0,0,0,"-36,000",2023-11-30,,
2608,嘉里大榮        ,"79,000","25,000","54,000",0,0,0,0,0,0,"-4,000",0,"4,000","-4,000",0,0,0,"50,000",2023-12-01,,
2608,嘉里大榮        ,"103,000","81,000","22,000",0,0,0,0,0,0,0,0,0,0,0,0,0,"22,000",2023-12-04,,
2608,嘉里大榮        ,"85,000","28,000","57,000",0,0,0,0,0,0,"-2,000",0,"2,000","-2,000",0,0,0,"55,000",2023-12-05,,
2608,嘉里大榮        ,"59,000","16,000","43,000",0,0,0,0,0,0,0,0,0,0,0,0,0,"43,000",2023-12-06,,
2608,嘉里大榮        ,"20,000","19,000","1,000",0,0,0,0,0,0,0,0,0,0,0,0,0,"1,000",2023-12-07,,
2608,嘉里大榮        ,"38,000","29,000","9,000",0,0,0,0,0,0,0,0,0,0,0,0,0,"9,000",2023-12-08,,
2608,嘉里大榮        ,"7,000","27,000","-20,000",0,0,0,0,0,0,0,0,0,0,0,0,0,"-20,000",2023-12-11,,
2608,嘉里大榮        ,"19,000","27,000","-8,000",0,0,0,0,0,0,0,0,0,0,0,0,0,"-8,000",2023-12-12,,
2608,嘉里大榮        ,"1,000","10,000","-9,000",0,0,0,0,0,0,0,0,0,0,0,0,0,"-9,000",2023-12-13,,
2608,嘉里大榮        ,"126,000","7,000","119,000",0,0,0,0,0,0,0,0,0,0,0,0,0,"119,000",2023-12-14,,
2608,嘉里大榮        ,"74,000","3,000","71,000",0,0,0,0,0,0,0,0,0,0,0,0,0,"71,000",2023-12-15,,
2608,嘉里大榮        ,"43,000","5,000","38,000",0,0,0,0,0,0,"-2,000",0,"2,000","-2,000",0,0,0,"36,000",2023-12-18,,
2608,嘉里大榮        ,"10,000","18,000","-8,000",0,0,0,0,0,0,"-9,000",0,"9,000","-9,000",0,0,0,"-17,000",2023-12-19,,
2608,嘉里大榮        ,"191,674","65,000","126,674",0,0,0,0,0,0,"1,000","1,000",0,"1,000",0,0,0,"127,674",2023-12-20,,
2608,嘉里大榮        ,"14,000","97,000","-83,000",0,0,0,0,0,0,"-11,000",0,"11,000","-11,000",0,0,0,"-94,000",2023-12-21,,
2608,嘉里大榮        ,"76,000","95,000","-19,000",0,0,0,0,0,0,"-8,000",0,"8,000","-8,000",0,0,0,"-27,000",2023-12-22,,
2608,嘉里大榮        ,"20,000","25,000","-5,000",0,0,0,0,0,0,0,0,0,0,0,0,0,"-5,000",2023-12-25,,
2608,嘉里大榮        ,"74,000","7,000","67,000",0,0,0,0,0,0,"4,000","4,000",0,"4,000",0,0,0,"71,000",2023-12-26,,
2608,嘉里大榮        ,"59,000","60,000","-1,000",0,0,0,0,0,0,"2,000","4,000","2,000","2,000",0,0,0,"1,000",2023-12-27,,
2608,嘉里大榮        ,"31,000","11,000","20,000",0,0,0,0,0,0,"-3,000",0,"3,000","-3,000",0,0,0,"17,000",2023-12-28,,
2608,嘉里大榮        ,"13,000","36,000","-23,000",0,0,0,0,0,0,"-13,000","1,000","14,000","-13,000",0,0,0,"-36,000",2023-12-29,,
2608,嘉里大榮        ,"60,000","9,000","51,000",0,0,0,0,0,0,"-9,000",0,"9,000","-9,000",0,0,0,"42,000",2024-01-02,,
2608,嘉里大榮        ,"12,000","109,000","-97,000",0,0,0,0,0,0,"-11,000",0,"11,000","-11,000",0,0,0,"-108,000",2024-01-03,,
2608,嘉里大榮        ,"5,000","49,000","-44,000",0,0,0,0,0,0,0,0,0,0,0,0,0,"-44,000",2024-01-04,,
2608,嘉里大榮        ,"42,000","55,000","-13,000",0,0,0,0,0,0,0,0,0,0,0,0,0,"-13,000",2024-01-05,,
2608,嘉里大榮        ,"18,000","2,000","16,000",0,0,0,0,0,0,0,0,0,0,0,0,0,"16,000",2024-01-08,,
2608,嘉里大榮        ,"2,000","35,000","-33,000",0,0,0,0,0,0,"3,000","3,000",0,"3,000",0,0,0,"-30,000",2024-01-09,,
2608,嘉里大榮        ,0,"72,000","-72,000",0,0,0,0,0,0,0,0,0,0,0,0,0,"-72,000",2024-01-10,,
2608,嘉里大榮        ,"12,000","101,000","-89,000",0,0,0,0,0,0,0,0,0,0,0,0,0,"-89,000",2024-01-11,,
2608,嘉里大榮        ,"14,000","31,000","-17,000",0,0,0,0,0,0,"-15,000",0,"15,000","-15,000",0,0,0,"-32,000",2024-01-12,,
2608,嘉里大榮        ,"13,000","67,000","-54,000",0,0,0,0,0,0,0,0,0,0,0,0,0,"-54,000",2024-01-15,,
2608,嘉里大榮        ,0,"187,000","-187,000",0,0,0,0,0,0,"-1,000",0,"1,000","-1,000",0,0,0,"-188,000",2024-01-16,,
2608,嘉里大榮        ,"35,000","211,000","-176,000",0,0,0,0,0,0,"59,000","59,000",0,"59,000",0,0,0,"-117,000",2024-01-17,,
2608,嘉里大榮        ,"16,000","29,000","-13,000",0,0,0,0,0,0,0,0,0,0,0,0,0,"-13,000",2024-01-18,,
2608,嘉里大榮        ,"10,000","23,000","-13,000",0,0,0,0,0,0,"-4,000",0,"4,000","-4,000",0,0,0,"-17,000",2024-01-19,,
2608,嘉里大榮        ,"22,000","11,000","11,000",0,0,0,0,0,0,"-5,596",0,"5,596","-5,596",0,0,0,"5,404",2024-01-22,,
2608,嘉里大榮        ,"1,000","10,000","-9,000",0,0,0,0,0,0,0,0,0,0,0,0,0,"-9,000",2024-01-23,,
2608,嘉里大榮        ,"5,000","37,000","-32,000",0,0,0,0,0,0,"-12,000",0,"12,000","-12,000",0,0,0,"-44,000",2024-01-24,,
2608,嘉里大榮        ,"5,000","7,000","-2,000",0,0,0,0,0,0,"-3,000",0,"3,000","-3,000",0,0,0,"-5,000",2024-01-25,,
2608,嘉里大榮        ,"11,000","6,044","4,956",0,0,0,0,0,0,0,0,0,0,0,0,0,"4,956",2024-01-26,,
2608,嘉里大榮        ,"1,000","15,000","-14,000",0,0,0,0,0,0,"-3,087",0,"3,087","-3,087",0,0,0,"-17,087",2024-01-29,,
2608,嘉里大榮        ,"4,000","145,000","-141,000",0,0,0,0,0,0,0,0,0,0,0,0,0,"-141,000",2024-01-30,,
2608,嘉里大榮        ,"5,000","48,000","-43,000",0,0,0,0,0,0,0,0,0,0,0,0,0,"-43,000",2024-01-31,,
2608,嘉里大榮        ,"30,000","24,000","6,000",0,0,0,0,0,0,"5,000","5,000",0,"5,000",0,0,0,"11,000",2024-02-01,,
2608,嘉里大榮        ,"28,000","8,000","20,000",0,0,0,0,0,0,"4,000","4,000",0,"4,000",0,0,0,"24,000",2024-02-02,,
2608,嘉里大榮        ,"1,000","34,000","-33,000",0,0,0,0,0,0,"-1,000",0,"1,000","-1,000",0,0,0,"-34,000",2024-02-05,,
2608,嘉里大榮        ,"44,000","33,000","11,000",0,0,0,0,0,0,"-3,000","1,000","4,000","-3,000",0,0,0,"8,000",2024-02-15,,
2608,嘉里大榮        ,"18,000","57,000","-39,000",0,0,0,0,0,0,"2,000","2,000",0,"2,000",0,0,0,"-37,000",2024-02-16,,
2608,嘉里大榮        ,"12,000","36,000","-24,000",0,0,0,0,0,0,"14,000","14,000",0,"14,000",0,0,0,"-10,000",2024-02-19,,
2608,嘉里大榮        ,"6,000","62,000","-56,000",0,0,0,0,0,0,"-4,000",0,"4,000","-4,000",0,0,0,"-60,000",2024-02-20,,
2608,嘉里大榮        ,"18,000","30,000","-12,000",0,0,0,0,0,0,"15,000","15,000",0,"15,000",0,0,0,"3,000",2024-02-21,,
2608,嘉里大榮        ,"21,000","23,000","-2,000",0,0,0,0,0,0,"9,000","9,000",0,"9,000",0,0,0,"7,000",2024-02-22,,
2608,嘉里大榮        ,"2,000","100,000","-98,000",0,0,0,0,0,0,0,0,0,0,0,0,0,"-98,000",2024-02-23,,
2608,嘉里大榮        ,"25,000","70,338","-45,338",0,0,0,0,0,0,"5,000","5,000",0,"5,000",0,0,0,"-40,338",2024-02-26,,
2608,嘉里大榮        ,"26,000","42,000","-16,000",0,0,0,0,0,0,0,0,0,0,0,0,0,"-16,000",2024-02-27,,
2608,嘉里大榮        ,"78,000","87,000","-9,000",0,0,0,0,0,0,"25,000","29,000","4,000","25,000",0,0,0,"16,000",2024-02-29,,
2608,嘉里大榮        ,"15,000","43,000","-28,000",0,0,0,0,0,0,"-4,000",0,"4,000","-4,000",0,0,0,"-32,000",2024-03-01,,
2608,嘉里大榮        ,"14,000","75,000","-61,000",0,0,0,0,0,0,0,0,0,0,0,0,0,"-61,000",2024-03-04,,
2608,嘉里大榮        ,"15,000","43,000","-28,000",0,0,0,0,0,0,"-4,000",0,"4,000","-4,000",0,0,0,"-32,000",2024-03-05,,
2608,嘉里大榮        ,"40,000","39,000","1,000",0,0,0,0,0,0,"3,000","4,000","1,000","3,000",0,0,0,"4,000",2024-03-06,,
2608,嘉里大榮        ,"30,000","67,000","-37,000",0,0,0,0,0,0,"2,000","3,000","1,000","2,000",0,0,0,"-35,000",2024-03-07,,
2608,嘉里大榮        ,"23,000","84,000","-61,000",0,0,0,0,0,0,"5,000","9,000","4,000","5,000",0,0,0,"-56,000",2024-03-08,,
2608,嘉里大榮        ,"22,000","17,000","5,000",0,0,0,0,0,0,"3,000","6,000","3,000","3,000",0,0,0,"8,000",2024-03-11,,
2608,嘉里大榮        ,"73,000","28,000","45,000",0,0,0,0,0,0,"-9,000","9,000","18,000","-9,000",0,0,0,"36,000",2024-03-12,,
2608,嘉里大榮        ,"87,000","14,000","73,000",0,0,0,0,0,0,"-4,000","2,000","6,000","-4,000",0,0,0,"69,000",2024-03-13,,
2608,嘉里大榮        ,"95,000","42,000","53,000",0,0,0,0,0,0,0,0,0,0,0,0,0,"53,000",2024-03-14,,
2608,嘉里大榮        ,"163,000","147,000","16,000",0,0,0,0,0,0,0,0,0,0,0,0,0,"16,000",2024-03-15,,
2608,嘉里大榮        ,"70,000","93,000","-23,000",0,0,0,0,0,0,0,0,0,0,0,0,0,"-23,000",2024-03-18,,
2608,嘉里大榮        ,"24,000","105,000","-81,000",0,0,0,0,0,0,"-4,000",0,"4,000","-4,000",0,0,0,"-85,000",2024-03-19,,
2608,嘉里大榮        ,"146,000","160,724","-14,724",0,0,0,0,0,0,"2,000","21,000","19,000","2,000",0,0,0,"-12,724",2024-03-20,,
2608,嘉里大榮        ,"74,000","21,000","53,000",0,0,0,0,0,0,"6,000","6,000",0,"6,000",0,0,0,"59,000",2024-03-21,,
2608,嘉里大榮        ,"21,000","22,000","-1,000",0,0,0,0,0,0,0,0,0,0,0,0,0,"-1,000",2024-03-22,,
2608,嘉里大榮        ,"25,000","25,000",0,0,0,0,0,0,0,"-4,000",0,"4,000","-4,000",0,0,0,"-4,000",2024-03-25,,
2608,嘉里大榮        ,"31,000","18,002","12,998",0,0,0,0,0,0,"7,000","7,000",0,"7,000",0,0,0,"19,998",2024-03-26,,
2608,嘉里大榮        ,"52,000","15,000","37,000",0,0,0,0,0,0,0,0,0,0,0,0,0,"37,000",2024-03-27,,
2608,嘉里大榮        ,"49,000","3,000","46,000",0,0,0,0,0,0,"1,000","1,000",0,"1,000",0,0,0,"47,000",2024-03-28,,
2608,嘉里大榮        ,"39,000","7,000","32,000",0,0,0,0,0,0,0,0,0,0,0,0,0,"32,000",2024-03-29,,
2608,嘉里大榮        ,"75,000","8,000","67,000",0,0,0,0,0,0,0,0,0,0,0,0,0,"67,000",2024-04-01,,
2608,嘉里大榮        ,"120,000","11,000","109,000",0,0,0,0,0,0,"-3,000",0,"3,000","-3,000",0,0,0,"106,000",2024-04-02,,
2608,嘉里大榮        ,"48,000","12,000","36,000",0,0,0,0,0,0,0,0,0,0,0,0,0,"36,000",2024-04-03,,
2608,嘉里大榮        ,"77,000","9,000","68,000",0,0,0,0,0,0,"-3,000","2,000","5,000","-3,000",0,0,0,"65,000",2024-04-08,,
2608,嘉里大榮        ,"107,000","34,822","72,178",0,0,0,0,0,0,"11,000","11,000",0,"11,000",0,0,0,"83,178",2024-04-09,,
2608,嘉里大榮        ,"76,000","26,000","50,000",0,0,0,0,0,0,"33,000","33,000",0,"33,000",0,0,0,"83,000",2024-04-10,,
2608,嘉里大榮        ,"48,000","139,000","-91,000",0,0,0,0,0,0,"19,000","19,000",0,"19,000",0,0,0,"-72,000",2024-04-11,,
2608,嘉里大榮        ,"65,000","130,000","-65,000",0,0,0,0,0,0,"2,000","10,000","8,000","2,000",0,0,0,"-63,000",2024-04-12,,
2608,嘉里大榮        ,"216,000","111,000","105,000",0,0,0,0,0,0,"13,000","13,000",0,"13,000",0,0,0,"118,000",2024-04-15,,
2608,嘉里大榮        ,"140,000","254,000","-114,000",0,0,0,0,0,0,0,"4,000","4,000",0,0,0,0,"-114,000",2024-04-16,,
2608,嘉里大榮        ,"64,000","133,000","-69,000",0,0,0,0,0,0,"-8,000","11,000","19,000","-8,000",0,0,0,"-77,000",2024-04-17,,
2608,嘉里大榮        ,"1,063,000","829,000","234,000",0,0,0,0,0,0,"234,000","250,000","16,000","234,000",0,0,0,"468,000",2024-04-18,,
2608,嘉里大榮        ,"764,000","734,000","30,000",0,0,0,0,0,0,"368,000","422,000","54,000","368,000",0,0,0,"398,000",2024-04-19,,
2608,嘉里大榮        ,"478,000","472,000","6,000",0,0,0,0,0,0,"127,000","130,000","3,000","127,000",0,0,0,"133,000",2024-04-22,,
2608,嘉里大榮        ,"337,000","39,000","298,000",0,0,0,0,0,0,0,,,,,,,"347,000",2024-04-23,0,0
2608,嘉里大榮        ,"1,063,000","829,000","234,000",0,0,0,0,0,0,"234,000","250,000","16,000","234,000",0,0,0,"468,000",2024-04-24,,
2608,嘉里大榮        ,"89,000","202,000","-113,000",0,0,0,0,0,0,"19,000","19,000",0,"19,000",0,0,0,"-94,000",2024-04-25,,
2608,嘉里大榮        ,"228,000","46,000","182,000",0,0,0,0,0,0,"5,000","20,000","15,000","5,000",0,0,0,"187,000",2024-04-26,,
2608,嘉里大榮        ,"401,000","353,708","47,292",0,0,0,0,0,0,"50,000","51,000","1,000","50,000",0,0,0,"97,292",2024-04-29,,
2608,嘉里大榮        ,"310,000","99,000","211,000",0,0,0,0,0,0,"9,000","13,000","4,000","9,000",0,0,0,"220,000",2024-04-30,,
2608,嘉里大榮        ,"288,000","41,000","247,000",0,0,0,0,0,0,"9,000","9,000",0,"9,000",0,0,0,"256,000",2024-05-02,,
2608,嘉里大榮        ,"68,000","62,000","6,000",0,0,0,0,0,0,"14,000","15,000","1,000","14,000",0,0,0,"20,000",2024-05-03,,
2608,嘉里大榮        ,"113,000","58,000","55,000",0,0,0,0,0,0,"2,000","2,000",0,"2,000",0,0,0,"57,000",2024-05-06,,
2608,嘉里大榮        ,"261,000","116,000","145,000",0,0,0,0,0,0,0,0,0,0,0,0,0,"145,000",2024-05-07,,
2608,嘉里大榮        ,"131,000","149,000","-18,000",0,0,0,0,0,0,"3,000","4,000","1,000","3,000",0,0,0,"-15,000",2024-05-08,,
2608,嘉里大榮        ,"81,000","169,000","-88,000",0,0,0,0,0,0,"4,000","24,000","20,000","4,000",0,0,0,"-84,000",2024-05-09,,
2608,嘉里大榮        ,"320,000","124,000","196,000",0,0,0,"170,000",0,"170,000","11,000","11,000",0,"11,000",0,0,0,"377,000",2024-05-10,,
2608,嘉里大榮        ,"668,000","708,000","-40,000",0,0,0,0,0,0,"-5,000","10,000","15,000","-5,000",0,0,0,"-45,000",2024-05-13,,
2608,嘉里大榮        ,"402,000","325,000","77,000",0,0,0,"300,000",0,"300,000","-1,000","3,000","4,000","-1,000",0,0,0,"376,000",2024-05-14,,
2608,嘉里大榮        ,"477,000","211,000","266,000",0,0,0,"300,000",0,"300,000","17,000","70,000","53,000","17,000",0,0,0,"583,000",2024-05-15,,
2608,嘉里大榮        ,"303,000","278,000","25,000",0,0,0,0,0,0,"36,000","50,000","14,000","36,000",0,0,0,"61,000",2024-05-16,,
2608,嘉里大榮        ,"164,000","51,000","113,000",0,0,0,0,0,0,"27,239","27,239",0,"27,239",0,0,0,"140,239",2024-05-17,,
2608,嘉里大榮        ,"125,000","179,981","-54,981",0,0,0,0,0,0,"27,000","27,000",0,"27,000",0,0,0,"-27,981",2024-05-20,,
2608,嘉里大榮        ,"61,000","153,000","-92,000",0,0,0,0,0,0,"6,000","6,000",0,"6,000",0,0,0,"-86,000",2024-05-21,,
2608,嘉里大榮        ,"160,000","60,000","100,000",0,0,0,0,0,0,"1,000","1,000",0,"1,000",0,0,0,"101,000",2024-05-22,,
2608,嘉里大榮        ,"80,000","85,000","-5,000",0,0,0,0,0,0,"-8,000","1,000","9,000","-8,000",0,0,0,"-13,000",2024-05-23,,
2608,嘉里大榮        ,"134,000","16,000","118,000",0,0,0,0,0,0,"-25,000",0,"25,000","-25,000",0,0,0,"93,000",2024-05-24,,
2608,嘉里大榮        ,"62,000","105,000","-43,000",0,0,0,0,0,0,0,"3,000","3,000",0,0,0,0,"-43,000",2024-05-27,,
2608,嘉里大榮        ,"171,000","100,000","71,000",0,0,0,0,0,0,"-38,000",0,"38,000","-38,000",0,0,0,"33,000",2024-05-28,,
2608,嘉里大榮        ,"88,000","239,000","-151,000",0,0,0,0,0,0,"-9,000","4,000","13,000","-9,000",0,0,0,"-160,000",2024-05-29,,
2608,嘉里大榮        ,"141,000","168,000","-27,000",0,0,0,0,0,0,"-6,000",0,"6,000","-6,000",0,0,0,"-33,000",2024-05-30,,
2608,嘉里大榮        ,"556,000","171,000","385,000",0,0,0,0,0,0,"-5,000",0,"5,000","-5,000",0,0,0,"380,000",2024-05-31,,
2608,嘉里大榮        ,"523,000","2,445,000","-1,922,000",0,0,0,0,0,0,"2,000","4,000","2,000","2,000",0,0,0,"-1,920,000",2024-06-03,,
2608,嘉里大榮        ,"424,000","607,000","-183,000",0,0,0,0,0,0,"22,000","30,000","8,000","22,000",0,0,0,"-161,000",2024-06-04,,
2608,嘉里大榮        ,"174,500","341,000","-166,500",0,0,0,0,0,0,"35,000","46,000","11,000","35,000",0,0,0,"-131,500",2024-06-05,,
2608,嘉里大榮        ,"271,000","279,000","-8,000",0,0,0,0,0,0,"3,000","10,000","7,000","3,000",0,0,0,"-5,000",2024-06-06,,
2608,嘉里大榮        ,"307,000","108,000","199,000",0,0,0,0,0,0,"4,000","7,000","3,000","4,000",0,0,0,"203,000",2024-06-07,,
2608,嘉里大榮        ,"50,000","250,000","-200,000",0,0,0,0,0,0,"-16,000","2,000","18,000","-16,000",0,0,0,"-216,000",2024-06-11,,
2608,嘉里大榮        ,"28,000","440,000","-412,000",0,0,0,0,0,0,"1,000","3,000","2,000","1,000",0,0,0,"-411,000",2024-06-12,,
2608,嘉里大榮        ,"97,000","382,000","-285,000",0,0,0,0,0,0,"208,000","208,000",0,"208,000",0,0,0,"-77,000",2024-06-13,,
2608,嘉里大榮        ,"248,000","375,000","-127,000",0,0,0,0,0,0,"328,000","328,000",0,"328,000",0,0,0,"201,000",2024-06-14,,
2608,嘉里大榮        ,"163,000","540,000","-377,000",0,0,0,0,0,0,"353,000","353,000",0,"353,000",0,0,0,"-24,000",2024-06-17,,
2608,嘉里大榮        ,"1,259,000","696,000","563,000",0,0,0,0,"220,000","-220,000","-337,000","3,000","340,000","-337,000",0,0,0,"6,000",2024-06-18,,
2608,嘉里大榮        ,"194,200","319,000","-124,800",0,0,0,0,0,0,"-62,000","47,000","109,000","-62,000",0,0,0,"-186,800",2024-06-19,,
2608,嘉里大榮        ,"209,200","210,000",-800,0,0,0,0,"145,000","-145,000","-314,000","18,000","332,000","-314,000",0,0,0,"-459,800",2024-06-20,,
2608,嘉里大榮        ,"454,700","304,000","150,700",0,0,0,0,"405,000","-405,000","-208,000","7,000","215,000","-208,000",0,0,0,"-462,300",2024-06-21,,
2608,嘉里大榮        ,"127,000","144,000","-17,000",0,0,0,0,0,0,0,0,0,0,0,0,0,"-17,000",2024-06-24,,
2608,嘉里大榮        ,"66,000","143,000","-77,000",0,0,0,0,0,0,"5,000","5,000",0,"5,000",0,0,0,"-72,000",2024-06-25,,
2608,嘉里大榮        ,"134,100","332,000","-197,900",0,0,0,0,0,0,"11,000","14,000","3,000","11,000",0,0,0,"-186,900",2024-06-26,,
2608,嘉里大榮        ,"148,000","95,000","53,000",0,0,0,0,0,0,"-4,000",0,"4,000","-4,000",0,0,0,"49,000",2024-06-27,,
2608,嘉里大榮        ,"93,000","116,386","-23,386",0,0,0,0,0,0,"9,338","11,000","1,662","9,338",0,0,0,"-14,048",2024-06-28,,
2608,嘉里大榮        ,"45,000","22,000","23,000",0,0,0,0,0,0,"11,000","16,000","10,000","6,000","5,000",0,"5,000","34,000",2024-07-01,,
2608,嘉里大榮        ,"20,200","44,000","-23,800",0,0,0,0,0,0,0,0,0,0,0,0,0,"-23,800",2024-07-02,,
2608,嘉里大榮        ,"26,000","133,000","-107,000",0,0,0,0,0,0,"191,000","202,000","11,000","191,000",0,0,0,"84,000",2024-07-03,,
2608,嘉里大榮        ,"105,000","111,000","-6,000",0,0,0,0,0,0,"4,000","4,000",0,"4,000",0,0,0,"-2,000",2024-07-04,,
